100
76
25 43 22 90 94 80 62 83 68 59 3
48
64 6 96 66 28 1 37 46 89 11
48
87 63 18 100 45 77 72 29 2 32 57
85
85 53 2 96 89 76 44 22 61 37 75 24 9
122
29 57 97 60 73 69 41
100
79 25 18 94 90 45 64 34 27 99 8 54 50 32 81 80 4 97 91 61 41 31 63 77 100 68 55 2 37
54
79 25 18 94 90 45 64 34 27 99 8 54 50 32 81 80 4 97 91 61 41 31 63 77 100 68 55 2 37
54
28 93 88 12 21 1 97
8
45 18 85 20 9 83 58 19
14
69 18 26 80 77 84 48 55 29 53 15 97 4 14 96 89 79 5 51 99 73
44
69 26 51 80 84 15 97 4 14 77 96 89 79 5 99 73 18 48 55 29 53
44
89 55 92 56 47
16
4 88 38 56 84 3 77 47 89
28
22 9 76 41 71 65 19 75
39
20 73 87 100 25 45
44
78 18 17 42 83 97 11 73 33 44 15 12 55
225
27 43 63
11
77 54 20 68 28
15
51 88 7 48 11 19 69 5 74 6 22 37 47
85
64 69 2
38
54 7 17 87 2 14 96 86 85 15
500
85 11 53 89
42
31 46 35 23 55 98 22 32 30 2
380
27 100 39 22 4 26 67 63
69
93 33 49 24 79 32
321
18 68 48 76 23 45 38
38
17 11 23 87 48 57 27
65
80 30 84
58
70 47 63 68 46 2 66 58 14 10
60
9 44 49 96 68 52 42 26 67 65 69 43
670
7 5 40 22 44 36 77 61 17 10 53 98 60 35 68 48 19 3 51 41 84 15 76 66 100
400
5 50 17 98 96 21 92 37 85 77 12 100 90
104
47 37 31 95 53 79 63 55 25 34 48
344
52 80 41 32 49 24 25 61 59 18
100
27 66 69 94 44 56 13 91 97 72 70 42 54 58 16 20
63
61 73 60 47 44 87 34 7 39 19 41
93
93 87 40 19 61 24 30 75 60 16 38
51
20 68 38 53 4 76 65 37 82 62 81 8
92
56 28 9 38 46 2 94
35
8 72 71 19 34 80 9 88
67
95 75 14 33 2 68 55 51 27 98 61 59 26 49 99 11 12 17
247
31 69 85 71 99 57 36 65 86 82 26
105
93 46 30 75 19 14 78 100 16 40 97 18 12 3 73 5
111
54 87 72 97 19 18 49 38 52 45 40 35 96 57 98 32
78
40 7 28 20 43 13 55 9 10 61
55
83 22 85 50 40 62 91 52 94 56 98 16 25 8 11 44
300
99 58 46 16 48 87 8 65 94
32
65 29 49 82 4 54 15
74
66 74 10 28 68 46 94
98
80 96 81 9 86 63 11 7
50
17 90 12 82 64 24 27 44
79
94 79 98 38 18 51 90 21 71 34 22
78
31 89 41 23 26 69
63
63 83 40 74 1 67 61 84 98 4 22 91 36 25 34 28 52 35 14
202
64 40 85 94 52 83 58 26 78 65 19 32 76 84 8
125
43 22 94 83 77 21 99 56 45 36 51 76
97
53 32 2 38 34 48 99
24
89 84 26 65 92 43 2 95
76
73 8 80 90 69 29 94 41 100 36 68 66 10 84
101
89 19 20 6 25 17 37 11 35 10
37
44 3
3
38 25 95 14 64 76 93 24 22 86 16 4
79
55 63 52 86 6 35 12 18 54 75
85
20 39 44 32 96
45
71 45 1 2 80 66 92 100 56
28
84 96 9 5 14 49 54 15 63 22 92 19 29 78 28 98 50 97 13 60 12 39 88 40 2
304
66 35 92 60 33 55 61 22 34
222
52 18 44 54 89 82 93
87
100 63 2 86 32 67 42 89 39 21 54 51 76
100
99 34 41 17 24 89 31 62
63
95 47 6 91 26 82 5 11 9 18 20 30 84 22 50 48 98 56 42 12 73 21
201
1
4
1 3 2 4 6 5 7
37
18 71 74 24 23 92 46 69 6 19 56 52 83 9 7 66 37
150
47 16 5 31
51
2 44 59 57 3 16 61
120
