500
500
325 487 493 80 483 7 230 123 335 489 466 463 117 213 447 257 50 270
7
447 370 49 338 280 486 452 360 274 216 232 118 243 55 79 385 151 165 362 500 125 2 491 94 190 364 53 278 321
25
234 383 260 269 186 37 423 72 210 176 309 355 246 392 218 38 94 233 67 473
6
224 81 287 459 100 304 162 461 6 493 36 499 107 16 104 388 237 453 351 29 435 457 63
8
326 460 363 333 237 129 31 484 106 419
23
121 2 289 102 257 251 111 375 483 187 394 260 353 140 326 296 411 21 222 5 413 291 373
14
121 9 233 33 287 76 363 487 282 247 444 68 18 256 136 21 318 96 382 261 85 309 435 418 61 44 249 82 452 447 207 212 281 239 52
17
307 437 72 168 9 1 128 410 353
13
188 336 352 422 463 358 377 371 30 52 77 280 109 256
4
270
18
8 485 24 160 107 341 463 440 120
1
325 390 172 499 120 29 315
23
198 128 456 190 483 196 288
8
60 413
13
31 39 276 380 176 192 424 103
27
191 112 482 461 211 419 205 361 43 83 248 455 136 372 319 171 376 133 468 267 475 307
20
177 442 284 331 311 433 439 201 184 29 282 32 126 323 249 116 497 17 196 488 216 239 253 94 280 205 370 207
12
66 466 159 343 265 402 98 444
30
2 485 266 412 79 472 357 239 246 119 446 254 287 18 128 359 470 263 185 460
16
316
28
385 199 53 406 383 346 428 113 260 27 202 420 84 410 74 371 382 331 350 51 480 389 311 300 448 45 491 486 387 315 109 231 421 12 60
21
486 172 283 78 216 401 442 184 277 56 414 436 70 51 195 156 253 316 181 185 393 162 407 176
20
54 84 439 15 125 69 428 186 152 85 375 477 362
29
215 292 248 259 197 30 389 294 11 431 178 69 18 52
24
415 242 470 251 276 164
12
173 315 100 299 493 244 43 61 26 349 124 460 371 128
29
133 160 39 431 404 130 50 213 350 327 331 99
20
274 17 80 16 58 125
25
31 473 315 128 331 377 360 404 268 294 107 381 425 240 35 256 175 251 299 238 38 400 199 3 328 438
11
437 386 161 135 240 272 267 269 177 119 407 124 467 101 209 422 96 298 458 211 118 173 54 59 68 112 349 259 190 48 274 216 353 157 408
3
259 280 264 73 33 322 250
29
395 338 23 456 287 119 111 206 356 225 305 277 427 257 483 327 449 330 59 457 67 203 492 376 47 280 251 435 289
13
51 103 233 500 177 43 195 258 40 211 335 139 159 219 364 462
21
370 147 429 185 369 419 45 402 253 98 305 23 299 30 395
29
414 328 462 477 100 473 309 419 439 124 61 183 307 28 96 208 426 340 62 56 395 253 112 349 465
6
45 142 484 373 388 137 281 320 48 410 11 245 2 144 384 294 266 265 296 342 81
13
161 8 44 436 62 458 263 395 34 313 304 141 491 432 440 97 482 96 301 55 139 171 417
26
133 395 293 410 27 20 393 273 225 335 54 338 218 421 422 254 359 180 351
2
37 361 170 154 475 151 168 486 278 429 473 388 400 420 8 375 147 211 32 439 271 441 482 9 108 273 165 188 22
20
406 111 500 378 142 367 371 124 285 420 117 164 235 205 126 445 284
18
358 119 24 327 413 225 155 416 256 53 127 238 102 270 330 479 436 454 474 37 414 218 212 314 36 169 65 21 484 472 171 343 147 311 383
10
245 359 492 85 200 237 99 318 220 4 137 141 236 226 172 247 443 29 221 13 490 405 61 450 176 182 34 180 465 271 91 235
24
408 367 414
22
361 160 19
22
285 198 5 206 239 389 306 391 264 474 367 169 230 495 84 113 187 153 321 263
30
181 295 6 28 253 211 50 392 311 453 121
19
159 403 369 288 240 75 231 423 68 142 386 53 422 239 394 382 89 37 83 126 78 274 25 379
27
110 439 30 40 282 486 60 222 64 339 306
11
469 82 64 286 176 396 451 130 363 248 140 421 236 235 388 387 478 5 304 15 487 386 438 434 238 331 202 191
22
236 473 268 272 132 445 329 366 53 500 304 277 35 239 142 330 347 341
17
476 297 68 208 311
17
15 258 86 230 235 354 377 144 464 198
17
476 271 114 36 299 397 201 349 240 446 85 493 237 106 37 101
29
123 445 157 94 169 346
21
346 410
6
235 396 147 500 314 452 170 120 19 269 115 119 317 337 208 138 167 480 327 250 152 424 58 283 381 101 295 292 312 499 297 378 164
17
175 43 96 257 458 361 242 439 362 197 7 473 89 237 411 353 180 250 90 420 103 223 182 51 383 109 284 169 249 55 342 24 26
11
310 500 264 206 43 353 496 221 83 466 389 131 485 450 136 66 100 81
29
121 399 476 123 348 297 8 417 359 306 334 115 225
12
34 416 163 391 40 90 95 43 500
10
358 245 195 485 465 7 438 115 273 180 76 346 39 339 480 369 63 129 138 281 146 112 144 132 373 385 378 294 113 52 414 44 284 96 145
26
195 102 32 499 412 454 329 352 150 188 224 458 7 66 384 319 478 471 121 104 137 109 305 74 297 419 252 71 296 12 411 193
3
45 211 189 25 415 249 138 476 334 7 85 158 407 72 251 160 58 419 205 360 47 183 295 458 66 394
5
181 119 498 50 303 482 410 225 419 153 224 18 125 208 108 266 447
28
127 123 1 380 423 312 428 286 105 389 348 49 42 492 299 280 449 294 31 282 93 113 314 184 305 277 458 451 447 292 195
22
494
4
278 389 194 425 464 186 12 110 111 320 129 115 414 418 38 413 262 171 482 427 147 470 265 365 25 216 178 176 42 256 140 458 407
1
114 18 484 481 162 491 350 28 291 133 22 433 365 251 30 201 104 66 382 218 17
26
92 345 481 152
27
58 245 499 72 353 136 356 188 178 436 62 490 304 408 469 480 409 403 462 477 419 441 297 427 337 47 53 280 430 362 258 139
1
455 419 70 268 225 116 383 402 112 228
21
289 448 167 115 447 347 50 467 466 395 495 368 473 403 200 224 350 119 44 230 10 292 124 225 423
19
257 369 259 288 271 134 69 442 125 362 209 180 211 50 132 296 84 240 411 144 97 204 474 438 266 73 149 326 476
16
123 260 44
2
445 293 353 284
28
323
8
374 120 173 141 240 128 65 433 269 31
10
40 406 223 291 347 179 316 419 152 209 57 236 218 145 499 79 69 56 83 150 143 199 41 284 389
11
179 153 121 5 493 477 137 387 207 112 60 421 172
30
234 245 264
29
110 234 427 51 213 483 433 324 256 358 419 28 56 91 275 78 217 285 333 33 71 381 172 201 185 404 138 487 320 425 167
22
140 273 388 3 117 184 37 95 230 163 148 73 299 172 42 376 213 79 329 483
15
212 324 429 389 499 55 375 8 467 214 6 492 141 392 34 303 32 241 226 189 33 35 312 81 496 193 471 196 233 4 200 18 43
27
467 352 382 162 95 450 419 439 294 316 159 49 4 325 389 161 492 289 118 415 279 339 264 54
4
17 240 296 222 371 254 492 172 335 112 41 212 111 35 167 494 368 243 191 369 304 483 218 188 280 74 195 53 307 9 394 440
7
265 396 405 393 160 307 151 237 319 99
13
426 156 58 14 32 425 265 325 433 468 104 446 247 459
27
348 401 152 345 335 205 475 171 167 333 414 412 72 202 78 317
16
248 251 487 177 384 63 23 184 148 29 382 32
6
77 249 41 372 26 474 78 246 193 498 266 209 479 215 9 231 203
5
357 330 100 58 41 117 265 32 163 441 244 275 152 346 6 110 235 340 165
12
446 459 2 186 364 291 461 74 236 45 47 444 235 174 224 212 341 33 7 457 438 450 468 72 390 135 144 233 488 330 479
11
427 161 164 192 330 257
5
2 362 26 150 99 494 342 467 58 316 32
16
488 186 75 164 214 217 336 411 250 80 416 495 327 360 4 34 24 317 262 126 378 63 475 251 229 380 51 410 28 340 244 480 8 497 315
22
81 334 240 490 91 72 1 144 103 280 313 354 373 53 83 246 181 120 433 89 294 222
8
52 88 436 473 40 4 180 408 457 342 318 407 250 454 278 452 209 384 303 319 470 414 237 174 176 165 72
29
82 412 407 289 421 213 336 303 144 232 222 173 74 469 375 9 54 286 467 461 300 404 383 101 371 85 8
1
151 22 75 125 214 348 430 469 248 240 280 433
17
288 174 47 456 289 387 116 359 258 409 333 218 268 317 192 371 343 318 485 90 354 137 340 424 407 173 460
16
193 240 384 332 217 96 79 499 117 319 344 58 143 182 310 460
24
441 242 417
20
95 106 337 208 305 455 150 393 216 255 149 306 108 14 39 49 333 490 44 406 390 82 416
16
149 34 161 304 280 75 243 80 195 407 209 232 481 274 297 203 295 457 411 89 438 143 474 398 312 371 21 192 343 344 197 291 235 268
10
104 444 244 79 466 443 355 108 193 71 416 205
7
164 168 128 111 138 173 342 11 9 59 260 465 317 491 380 481 487 270 184
16
224 19 82 215 9 475 264 50 127 241 210 472 100 451 194 37 358 260 247 234 412 433 275 188 102 222 180 461 408 128 411 356 73 298 108
10
351 85 28 321 355 225 448 352 288 332 11 367 59 387 308 438 8 449 143 185 95 198 461 100 403
21
291 118 103 239 296 403 348 10 141 447 441 281 494 207 57 184 237 123 86 465 87 201 240 187 165 66 219 63 124 379 195 480 258 232 358
28
175 197 369 176 349 412 52 488 275 438 22 489 256 158 308 464 210 405 213 107 242 89 382 426 84 77 97 132 278 170 20 355 123 153
28
423 147 113 142 26 297 89 215 342 260 77 261 125 127 487 174 5 210 124 322 382 247 84
23
75 278 294 236 66 369 249 424 122 494 348 88 76 300 457 302 31
21
476 298 290 276 390 362 55 71 25 442 271 217 409 327 405 3 456
24
278 152 47 402 267 163 316 207 401 129 491 24 328 370 9 458 1 136 423 29 133 295 65 160 283 95 108 467 50 178 224 34 490 475 111
24
298 49 444 145 392 300 187 413 349 457 458 497 265 196 273 177 299 217 226 472 356 379 118 73
15
272 331 183 336 48 118 27 459 445 291 392 264 343 53 150 145 257 325 82 480 194
15
205 406 332 393 454 379 473 289 491 465 478 76 347 162 89 442 374 124 426 453 131 415 171 191 364 209 376 342 247 110 437 261 243
18
455 419 247 496 240 404 117 494 406 473
11
63 272 178 266 232 344 35 3 181 109 76 271 192 120 19 251 80 310 436 474
28
329 324 214 336 437 80 431 32 360 84 3 125 54 337 271 46 141 258 218 108 44 357 325 129 448 182 231 40 222
5
39 433 223 255 442 262 459
18
320 406 363 466 125 184 284 220 154 166 417 42 202 115 226 468 367 274 278 222 56 122 440 137 38 446 390 107 287 238 198
29
189 188 117 279 210
3
428 248 207 413 110
9
239 52 426 42 323 129 283 122 2 415 99 453 224 263 169 11 496 201 266 49 357 405
25
59
2
288 239 131 19 278 286 467 84 347 97 133 63 431 425 380 391 46 173 95 444
29
495 255 455 426 62 430 272 477 295 364 100 253 262 26 363 49 327 216 93 117 132 273 106 330 242 197 389 56 85 6 263 338
4
355 270 210 48 276 107 142
27
20 162 91
23
447 114 396 112 177 83 204 385 117 493 176 255 302 316 115 353 310 415 202 307 236 199 450 336 458
27
418 5 356 332 106 256 374 337 59
17
395 483 316 184 22 387 163 134 434 259 373 155 100 140 402 96 356 198 119 348 378 311 281 146 426 337 456 397 187 123 9 464 411 34
14
74 462 267 448 122 200 204 282 195 54 382 387 194 410 207
25
272 42 215 499 169 290 181 66 76 459 419 350 309 357 88 218 326 446 367 136 209 332 97 334 474 348 73 307 389
6
93 294 481 410 41 2 316 173 375 82 61 156 253 324 84 134 491 90 274 119 358 362 402 218 87 373 397 96 169 312
15
249 171 199 459 457 464 185 214 102 168 142 181
29
207 271 187 202 8 30 370 97 337 395 412 460 438 248 374 258 268 127 78 387 130 32 324 72
9
313 190 35 302
4
20 21 289 114 262 270 75 50 143 424 57 166 104 261 389 88 217 87 17 295 126
4
41 16 490 17 432 115 302 95 455 342 214 84 134 85 219 341 160 418 305 415 390 315 188 75 50 374 290 144 443
15
311 164 103 344 406 312 264 447 382 177
23
378 363 143 453 97 158 127 485 343 311 250 246 141 456 471
15
335 40 244 260 59 48 422 382 303 107 423 349 32 318 181 410 214 272 449 104 480 421 328 54 175 31 61 295 102
30
28 111 256 424 78 13 45 479 65 295 375 207
14
357 483 322 11 33 24 496 140 176 93 423 119 317 308 165 457 200 106 487 342 60 178 310 246 162 343 467 14 113 63 92
25
98 65 109 12 30 63 310 374 64 463 232 379 35 5 360 138 235 350 99 414 192 384 476 407 67 212 487 87 73
1
67 388 249 149 162 350 312 361 362 55 355 292 382 4 261 190 396 208 251 485 256 240 198 142 429 83 167 364
1
122 477 340 414 154 227 474 147 92 336 117 16 197 210
1
221 467 207 346 418 26 45 161 58
10
465 176 301 415 310 144 174 6 102 469 349 397 343 282 128 495 37 188 357 160 350
17
499 325 283 155 335 248 317 143 443 438 297 20 203 252 374 209 378
15
57
28
368 452 405 46 70 195 295 332 255 264 324 497
17
146 162 314 78
14
168 439 498
22
386 370 411 307 336 79 6 304
18
212 75 451 12 175 378 362 225 41 454 118 385 458 473 497 429 291 89 51 455 449 186 320
4
59 60 452 268 192 319 300 489 67 310 469 70 368 449 446 150 201 35 349 440 301 83 306 163 56 117 441 408 479 255 4
15
46 361 101 69 424 97 395 409 217 481 292 317 376 49 455
9
289 21 87 263 182 268 232
28
224 338 154 234 153 203 311 364 178 78 159 390 341 101 465 13
12
174 21 56 338 164 288 437 131 470 25 85 469 31 451 483
5
486 479 322 313 34 79
13
170 112 380 273 410 471 349 434 375 308 141 382 130 362 336 392
4
136 493 184 241 51 44 360 287 302 77 206 53 265 112 300 321 91 350 452 322 175 444 330 451
7
4 274 188 282 453 232 31 92 45 251 225 6 367 169 183 88 36
2
288 140 117 447 253 403 8 88 477 260 454 116 85 356 188 137 322 73 47 344 456 227 208 197 31 119 114 26 206
6
23 152 187 87 166 85 22 94 418 240 55 165 337 310 405 484 139 245 458 488 201 186 307 60 202 8 222 499 351 176 145 171 127
12
245 172 87 212 441 493 312 127 100 220
20
388 34 394 370 27 15 463 295 3 472 485 43 50 190 314 358 307 494 229 117 337 276 128 406 364 382 105 486 208
12
369 158 191 211 466 308 80 170 261 302 194 325 253 375 473 491 461 105 180 157 476 64 217
17
140 16 439 402 66 372 134 421 288 274 383 129 356 437 387 480
25
335 230 100 461 231 464 66 165 255 357 137 9 218 96 60 86 468 132 38 375 183 285 106 403 240 84 44 446 54 424 364 387 122
12
19 450 47 420 474 203 311 24 97 441 258 89 447 265 337 469 232 365 218 334 439 354 20 171 144 178 123 397 352 318 63 328 392 106 26
4
383 251 407 63 109 85 368 344 59 177 339 495 420 26 40 90 261 115 219 284 187 50 259 480 38 483 54 355 193 491 126
7
350 404 139 272 423 50 302 483 434 14 71 484 274 429 44 271 352 422 382 183 8
17
67 151 240
27
209 22 232 465 51 458 325 20 63 351 408 40
3
71 198 408 119 263 497 228 250 18 265 401 42 381 286 155 350 301 184 424 95 185 142 423 218 334 105
1
149 190 144 448 312 431 50 161 355 110 454 27 341 302 465 88 400 234 264
30
287 176 381 27 369 53 452 170 133 38 322 438 374 357 94 158 77 185 210 421 467 175 16 305 469 397 147 228 261 41 424 105 384 135 172
5
474 75 214 146 251 151 497 71 375
5
141 326 275 401 19 402 87 307 422 17 358 106 127 183 380 176 323 34 48 179 288 128 383 498 489 245 431 29 310 361 90 134 376 71
26
36 80 224 83 418 277 399 348 133 251
20
460 302 280 62 457 396 198
16
90 180 448 212 331 444 333 15 384 301 367 3 117 413 440 387 142 302 329 407 366 476 205 160 489 412
11
419 97 242 80 102 183 437 19 233 52 436
16
2 360 69 112 46 458 188 377 111 425 320 154 297 435 275 352
9
312 84 188 250 172 463 187 76 310 283 229 234 140 149 473 111 92 395 270 23 157 156 152 103 231 337 477 128 415 476 470 411 62 468
25
192 444 486 31 490 445 162 363
16
196 386 74 95 348 473 132 7 343 91 47 108 45
8
2 42 185 212 233 33 294 449 231 333 88 155 392 447
9
313 55 457
20
449 168 472 411 91 325
18
475 432 242 113 143 238 331 335 363 151 152 266 426 66 416 8 29 496 197 488 206 14 137 445 37 156 105 474 195 256 9 186
11
294 367 270 229 184 425 356 31 493 70 378 79 133 332 218 83 452 221
5
245 151
6
375 352 324
8
359 137 93 85 351 487 63 64 236 34 209 8 135 367 427 199 21 409 106 97 99 448 329 474 392 26 39 480 270 226 218 293 421
8
77 205 165 491
29
393 191 228
3
181 148 362 161 471 185 284 43 299 385 309 126 444 145 402 440 393 16 487 479 101 435 301 445
13
356 428 217 60 9 189 230 296 208 294
2
431 30 35
12
266 445 471 73 486 303
2
46
17
131 86 306 236 138 167 388 103 128 223 45
7
189 119 229 230 345 330
6
224 407 114 304 359 320 349 60 163 205 69 54 417 287
30
216 212 234 229 363 246 199 168 496 396 115 6 18 486 153 205 20 59 34 148 305 284 159 487 302
20
99 125 122 76 60 299 327 90 232 304 185 198 353 209 339 140 270 23 1 236 194 218 262 230 266 261 368 305 64 488
30
269 183 435 253 144 44 440 299 88 23 57
30
377 269 436 137 9 293 370 119 422 73 204 155 238 207 26 78 115 295 313 59
14
458 10 42 98 499 296 323 319 136 219 375 152 180 134 341 90 469 79 462 299 308 465 153 282 206 498 166
2
107 391 353 189 458 43 337 320 234 425
24
377 271 255 412 179 243 424 234 495 76 206 287 341 170 357 458 113 409 493
18
67 441 375 273 427 307 167
25
332 210 17 33 46 185 11 129 179 350 434 469 232 222 300 107 6 339 29 207
11
473 312 345 104 303 212 110 437 500 229 80 300 277 28 403 90 355 246 466 305 268 455 413 482 92 242 445 33 322 294
24
29 23 111 104 223 419 322 225 337 100 116 121 303 89 476 474 34 243 440 480
18
404 145 159 144 447 146 66 371 394 78 362 346 449 4 334 44 179 462 9 125 215 263 326
26
406 480 11 203 282 126 363 195 400 368 129 60 387 118 263 174 327 151 111 104 57 390 196 419 275 490
15
458 429 141 161 222 92 369 221 117 105 77 42 450 149 444 272
9
338 489 184 316 283 387 170 248 385 253 396 413 149 304
21
456 152 130 23 142
27
216 350 197 75 119 420 441 162 318 223 27 238 352 231 326 180 430 146 260 139 288 459 239 254 361
8
318 158 117 287 459 412 9 118 474 160 91 216 319 178 3 103 67 185 452 124 462 375
8
176 167 120 275 327 311 448 315 284 22 190 50 37 233 199 11 238 432 406 426 314 478 368
8
348 306 206
30
55 137 417 292 262 144 422 445 491 358 46 463 421 426 302 251 356 424 497 83 204 365 227 100 149 103 359 96 370 322 166 257 340 352
6
15 119 182 363 209 184 327 288 17 471 299 81 99 163 181 107 487 25 108 45 434 134 30 387 494 126 449 258
21
114 135 61 301 369 202 228 204 448 402 53 146 375 498
5
235 386 466 124
21
455 473 418 385 112 143 397 213 377 409 444 58 371 279 462 54 212 255 277 497 460 43 203 356 410 364 119 283 482 67 125 153 193
7
451 85 26 73 9 175 264 244 204 206 320 279 197
10
457 332 113 349 37 252 208 442 9 354 181 152 84 345 420 177 65 433 328 482 255 500 302 402 135 173 327 102 399 325 50 22 308 272
15
342 86 446 272 332
28
122
18
228 84 284 338 45 167 350 112 6 425 22 192 2 488 221 281 461 86 268 402 315 354 269 231 199 289 89 38 327 430 431 319 18 387 400
5
106 487 164 40 442 171 228 144 461 283 91
23
393 117 352 326 238 295 243 168 136 123 18 170 225 138 377 234 316 359 325 313 346 2 51 165 66 288 385 317 156 390
26
38 8 50 83 440 55 101
27
16 87 468 363 367 188 76 209 120 112 273 398 405 441 462
30
457 52 241 438 44 273 200 8 61 129 360 285 477 220 30 425 264
15
417 210 183 394 374 389 206 140 74 485 321 1 72 424 433 461 460 196 432 51 367 405 399 6 388 291 100 137 139 447 309 198
10
209 364 411
4
359 143 247 313 476 105 414 465 193 375 167 471 366 108 362 406 177 457 447 455 127 257 30 23 393 228
29
295 109 158 64 171 471 131
10
191 388 444 495 411 494 366 336 348 94 393 286 29 419 15 155 307 485 143 478 359 13 21 364 117 334 322 415 82 391 270
2
214 175 60 95 189 142 197 379 411 3 58 373 17 494 21 140 297 415 170 278 167 393 76 9 366 262 57 22 257
19
107 119 370 43 371 95 159 385 36 76 343 457 460 357 91 356 488 412 254
16
28 453 394 283 155 195
5
281 35 91 165 122 304 39 267 178 360 172 193 243
20
56 434 279 204
19
29 272 128 353 125 95 498 141 30 309 68 402 275 34 11 176 46 109 135 216 258 104 168 370 15 494 74 134
9
353 319
13
155 214 47 34 350 267 163 193 71 146 474 360 67 238 151 472 203 378 40 43 231 139 68 447
7
207 218 58 461 35 394 375 492 111 99 179 49 457 159 459 51 395 323 229 468 276 452
2
429 364 383 149 104 17 318 9 475 490 388 47 145 317 416 343 2 69
17
157 322 338 138 239 133 384 100 365 40 77 51 476 37 369 233 124 382 367 419 283 253 142 228 252 190 232 184 60 346
1
166 241 338 383 98 212 12 380 283 391 214 128 175 138 112 316
17
432 263 386 261 441 40 325 497 332 469 70 21 101 257 485 2 150 91 306 187 148 65
28
483 40 478 137 442 313 54 455 69 37 120 193 258 291 453 333 451 278
23
403 282 417 473 478 111 181 239
29
73 161 433 312 154 25
6
440 221 119 225 422
15
363 249 246 475 300 152
5
116 207 115 135 358 363 333 364 414 46 226 282 315 87 421 41 476 341 316 44 66 372 346 271 125 119 374 288 217 415
27
451 260 280 80 300 427 216 342 71 442 405 153 345 166 498 335 202 156 210 43 65 67
15
148 13 196 128 310 264 302 220
3
117 161 336 37 137 143 7 289 487 193 96 131 310 284 278 341 368 435 130 118 166 472 395
11
500 395 289 201 125 496 359 245 122 202 236 184 104 408 335 2 423 105
19
483 249 71 233 196 192 174 194 367 70 481 400 431 443 15 344 114 257 100
2
487 280 121 424 496 393 316 151 237 275 112 372 122 216 68 214 332 441 226 89 494 232 142 105 277 445 159 446 199 444 233 21 420 353
5
144 467 49 480 272 109 110 463 78 143 403 433 329 73 96 448 18 28 156 308 314 309 45 12 474 184 451 402 163 490 224 80
4
66 477 247 232 337 217 419 487 359 481 40 318 57 330 340 457 244 266 37 413 124 228 468 343 255
21
220 105 125 221 259
29
403 191 421 286 360 12 101 273 378 27 224 257 194 356 415 121 50 391 223 435 280 46 392 124 318 370 376 295 408 321 82 445
2
57 77 330 236 455 17 180 276 294 173 136 16 325 98 140 500 390 74 247 245 307
15
69 238 487 140 141 393 97
8
450 332 304 471 448 370 206 319 202 122 228 181 59 253 440 290 183 173 379 67 75 24 389
8
425 314 340 470 489 189 151 390 54 261 202 32 313 464 248 497 424 164 55 147 50 94 368 170 145 472 140 215 309 180 69
29
397 330 461 337 256 155 328 77 8 66 390 257 176 27 242 341 45 239 43 286 99 282 298 214 389 338 414 185 143 386 170
28
374 232 405 132 2 191 496 498 364
25
231 500 15 372 68 297 74 199 182 325 351 218 47 232 499 288 107 97 92 195 174 466 283 155 427 37 461 19
29
216 36 7 91 407 440 404 82 108 263 88 163 196 481 248 238 239 26 112 192 2 189 161 59
16
59 290 58 224 379 306 201 177 186 445 200 321 436 378 360 129 241 281 83 265 454 335 292 457 248 343 480 128 382 17 139 140 36
1
5 98 143 268 335 409 173 307 414 144 201 460 257 111 323 338 219 481 349 455 371 482 200 254 419
19
465 348 116 310 413 98 496 8 460 35 102 209 192 203 115 247
30
144 85 467 380 315 151 313 70 187 489 465 470 363 91 224 309 484 445 112 80 386
6
463
10
474 381 383 121 320 210 222 89
29
203 133 22 216 347 500 5 33 278 447 60 250 189 228 272 378 118 180 469 389 192 393 206 239 240 276 32 419 218 62 483 409 166 108 310
29
470 112 450 9 414 117 116 183 394 393 3 378 349 307 477 392 306 221 282
5
416 51
29
132 10 110 114 126 444 192 211 236
18
263 277 8 409 395 194 94 216 347 316 429 191
23
183 63 168 317 272 175 499 94 224 376 122 164 234 316 51 28 155
9
101 177 56 408 167 154 218 423 226 499 322 452 440 482 102 310 243 386 220 353 133 186 396 448 11 185 313 98 44 481 5 301 267 314 403
29
299 254 238 316 398 181 205 37 423 475 202 426 9 278 93 338 152 488 86 302 334 227 27 494 395 130 12 365 414 71 60 184 403 111 306
21
249 354 191 497 81 50 1 469 349 131 342 116 271 48 167
9
207 491 431 365 44 392 373 306 84 395 329 14 449 34 144 289 284 323 237 152 314 234 410 49 235 295 28 389 168 105 175 472 8 78 335
10
113 311 205 213 272 18 35 199 25 280 262 30 499 333 349 416
16
416 234 450 291 319 275 167
5
21 1 350 53 73 170 419 431 119 447 133 156 437 423 234 48 304
27
76 494 463 449 43 6 395 101 41 157 411 23 42 183 340 127 366
7
409 308 256 416 271 245 213 192 381 259 34 22 120 318 326 487 202 485 77 338 489 79 170 42 227 180 331 488 486
14
16 89 58 99 471 19 449 227 383 400 365 270 154 101 18 267 345 458 25 339 395
30
476 441 250 345 25 129 480 80 59 465 185 179 499 342 165 432 466 392 170 155 73 500 12 177 382 107 344 381 204
27
401 231 425 31 131 155 347
22
472 182 10 203 219 209 79 85 429 214 440 264 432
3
108 234 205 230 136 100 32 449 21 462 36 209 114 279
18
84 487 418 338 15 30 234 475
12
64 483 328 327 426 76 146 335 108 122
24
431 370 229 342 171 353 476 221 152 357 193 153 384 378 489 254 298 150 140 411 34 237 424 268 493 397 232 72 20 280 138 92
5
448 316 469 64 468 271 484 18 134 132 263 32 385 463 30 219 245 416 370 44 166 182 136 386 429 275 188 61 216 323 241 497 66 393
23
271 77 14 21 381 355 175 307 320 73 348 436 111 247 50 313 347 452 123 236 237 333 160 55 240 399 387 459 234
13
492 39 466 262 161 405 211 264 23 344 293 371 217 65 82 141 81 226 460 219 106 77 430 281 365 107 451 461 352 239 272 61
3
49 449 242 378 11 136 429 430 21 118 187 124 128 182 444 166 268 456 329 160 239 34 369
12
279 293 65 280 264 468 368
6
377 492 368 166 176 421 229 92 399 185 300 304 467 383 132 86 62 333 198 64 85 266 117 414 240 192 243 363 257 217
30
112 466 329 450 279 436 126 275 364 460 461
22
377 137 194 59 45 414 432
29
198 199 428 493 255 412 410 99 341 232 145 75 252 411 110 455 63 7 285 224 486 22 323 76 94 381 19 387 5
14
250 322 344 111 140 138 251 258 165 31 175 368 37 476 323 450 372 28 113 417 420 56 192 26 456 178 236 91 455 315
2
330 327 66 358 421 321 363 135 471 208 96 383 25 352 288 69
29
127 304 344 475 260 5 76 126 210 103 57 232 48 121
4
378 342 164 35 26 119 323 300 82 262 256 236 272 408 58 292 347 407 499 364 10 158 68 97 227 348 481 203 266 185 341 39 399
9
44 369 323 385 439
28
232 11 131
17
120 208 63 363 254 294 421 341 429
5
143 86 206 279 361 25 163 82 462 196 109 164 299 220 38 58 371 431 126
9
221 167 401 128 428 9 89 82 34 472 306 20 1
17
404
10
398 378 431 316 166 240 422 273 333 266 188 469 38 332 64 147 7 391 295 141 86 415 52
9
476 428 54 416 298 459 251 305 342 483 173 198 284 147 301 86 52 206 168 276 263 204 56 217 368 188 37 209 484 474 113 97 307 494
24
148 438 411 471 240 249 396 417 208 403 5
8
52 253 279 484 244 333 163 431 398 131 489 136 20 326 284 296 192 184 462 41 111
28
437 233 81 369 470 113 203 360 314 279 380 135 23 75 200 481 119 277 22 331 349 358 412 352 356 59 428 70 103 191
19
173 307 226 334 249 55 362 158 274 301 103 170 183 255 361 212 150 287 492 395 373 139 347 340 213 4 61 393 102 218 206 48 97 434
6
214 229 29 490 15 200 316 77 260 344 430 301 294 61 346 112 393 424 324 398 494 46
3
273 326 218 453 442 402 400 93 4 254 243 499 155
28
462
2
392 185 78 398 266 451 282
3
233 148 154
5
7 443 179 116 186 339 372 64 139 170 181 195 60 223 251 266 386 414 450 334 142 248
21
237 500 480 392 470 105 49 12 139 285 260 330 161 268 248 47 228 156 321
29
459 415 160
3
334 319 342 251 316 147 237 496 233 441 306 425 362 298 499 83 74 351 359 144
7
172 205 325 221 450 437 288 98 132 6 22 361 156 443 400 65 303 278 40 166 104 94 484 177 66 33 475 428 204 402 222 282 131
1
318 145 193 351 489 260 68 442 22 225 217 195 409 379 275 428 156
25
103 331 24 7 409 112 354 176 123 297 199 77 91 200 81 52 26 139 120
19
22 462 294 30 321 154 443 300 138 351 474 235 405 96 415 228 236 278 234 324 419 230 176 16 330 193 58 412 464 85 377 233 71 304
21
13
24
287 312 52 373 111 401 149 375 220 138 37 495 309 223 136 85 147 213
28
364 314 90 91 92 168 199 99 360 374 321 160 89 331 45 208 1 133 285 189 355 490 13 251 141 383 474 298 155 115 3
25
483
21
300 4 387
21
482 291 154 40 227
17
460 65 181 145 109 245 192 56 292 38 404 39 44 349 99 364 362 43 281 433 344 472 209 394 84
29
326
14
218 285 288 385 498 154 97 209 399 323 183 103 489 310 241 155 102 204 320 122
9
343 121 231 386 49 289
30
184 135 261
2
90 115 175
23
11 79 385 17 491 368 170 147 355 36 127 486 73 2 184 103 47 264 190 388 304 212 72 130 295 99 156 434 188 41 124 291 176
25
474 135 376 336 42 100 188 187 381 45 67 371 243 323 238 141
24
37 140 463 405 236 427 421 224 368 182 474 364 455 113 461 139 286 389 383 279 333 309 272
6
355 392 421 317 296 314 24 246 13 183 210 165 220 173
15
398 292 69 374 486 361 64 344 102 453 221 324 413 140 23 180 393 126 167 284 49 50 216 429 301 247 252
4
37 39 488 420 210 165 382
22
127 62 415
12
455 454 262 407 133 467 117 312 275 81 238 168 243 309 55 377 278 134 235 73 384 296 440
10
255 250 310 465 53 182 448 74 137 110 479 221 481 299 445 66 316 184
2
449 17 162 414 87 299 33 77 137 474 237 475 412 73 29 156 118 209 16 45 461 216 92 393 163 292 387
10
360 450 125 23 427 137 460 494 13 398 372 379 14 438 15 457 259 129 351 401 104 500 257 153 25
6
279 377 286 146 57 32 207 473 127 136 177 406
5
417
7
170 74 13 16 344 349 479 122 400 154
27
392
18
106 209 199 368 484 467 200 116 76 273 180 391 493 205 35
19
497 226 449 192 16 327 237 112 148 348 186 404 111 52 68 10 182 49 67 106 495 238 47 2 499 179 144 416 301
5
258 169 418 225 275 370 171 233 164 475 238 414 105 43 446 250 185 410 353 435 487 201 281
22
498 11 168 208 18 100 361 36 212 455 398 433 82 346 63 124 440 489 468 139 183 285 163 391 144 387 295 216 126 474 127 241 209
1
430 136 495 250 379 328 384 27 70 133 480 105 117 314 401 141 214 100 397 15 194 68 132 131 31 350 40 230 122
12
259 205 170 268 51 233 377 119 21 458 168 190 134 373 376 144 339 138 62 172 175 416 414 207 240 470 152
17
411 54 445 338 24 446 246 95 292 37 484 98 165 404 384 419 181 133 337 213 52
13
206 324 105 141 229 400 353 161 35 49 329 126 443 409 414 354 179 130 139 213 488 127 228 225 90 474 106 162 292 426
17
100 401 382 101 250
10
313 297 494 131 173 75 283 139 235 490 374 134 211 267 345 331 170 238 434 7 284 350
25
396 242 81 106 432 268 168 109 65 297 388 465 32 366 349 94 412 28 291 457
26
336 199 151 427 364 238 470 374 339 441 15 243 23 350 290 207 214 256 170 85 186 59 317 478
16
490 384 302 404
17
176 47 278 300 129 432 84 319 165 499
27
233 478 404 369 323 19 212
29
19 220 3 423 268 231 145 479 347 316 383 215 474 225 348 69 452
25
12 298 450 257 458 80 474 218 470 9 111
7
316 36 193 496 111 71 233 181 288 56 172 357 33 67 85 341 332 297 140 128 449 304 330 445 382 393 175 20 266
10
24 364 5 380 70 52 461 67 63 37
26
33 238 221 36 317 230 8 494 483 107 197 305 89 330 220
5
235 198 53 432 359 399 289 416 456 469 216 273 369 374 483 337 237 197 331 314 3 309 423 192 48 436
3
418 498 400 365 5 145 310 479 411 430 419 150
12
495 76 482 480 205 302
14
24 209 109 73 363 385 323 313 228 314 351 144 72 187
9
5 225 353 74 229 441 249 325 396 321 69 301 192 53 59 102 307 228 462 181 120 384 251 445 118 158 258 449 75 123
8
421 348 381 279 174 394 424 282 293 38 287 483 317 363 103 201 441 320 196 98 300 425 450 402
19
77 307 214 311 495 481 353 469 222 275 368 266 167 118 294 463 367 158
4
355 60 212 312 381 343 480 139 145 137 201 298 89 339
9
105 319 349 295 489 450 194 165 448 282 372 296 121 390 233 436 209 188 206 163 320 74 81 113 431
14
201 309 500 418 39 200 211 499 476 2 464 132 111 97 286 292 9 168 59 199 368 347
14
323 313 388 7 397 467 462 23 376 26 356 31 179 113 93 302 273 116 474 492 408 361 209 439 487 175 429 154 197
14
244 56 168 449 455 52 459 177 284 60 40 4 448 272 347 355 326 346 253 28
30
243 168 289 141 461 143 54
28
302 116 223 22 484 329 402 306 488 447 387 42 165 377 192 171 358 376 39 152
4
114 407 297 159 391 169 99 403 140 105 323 208 372 122 494 187 153 30 98
10
288 379 438 371 250 493 415 60 34 142 412 212 211 341 214 224 483 328 44 361 490 107 168 299 278 90 58 329 125 22
3
298 294 482 493 95 405 479 139 340 289 258 157 15 29 93 84 230 314 407 453 65 239 194 202 297 423
9
500 402 199 165 286
15
190 491 278 227 64 170 366 146 330 249 128 288
5
73 201 474 449 160 261 9 495 115 475
6
183 202 355 426 466 275 429 340 478 128 491 110 19 367 180 249 402 410 370
15
285 94 80 480 379 335 490 471 365 317 153 296 450 76 275 132 282 424
23
402 180 451 109 102 87 194 70 371 50 496 237 262 458 286 92 170 77 65 372 71 239 352 382 94 177 216 1 373 440 313 72 138 319
9
392 247 240 485 364 223 440 33 151 207 464 225 124
12
154 297 10 395 183 41 344 400 54 476 327 343 180 207 106 282 181 85 405 199 122 33 274 174 334 214 249 488 325 298 489 497 66 173
21
17 242 55 393 105 93 208
26
285 496 175 298 139 100 63 409 400 308
15
16 494 426 369 375 31 400 304 113 198 181 89 88 410
13
381 294 451 164 387 495 145
12
441 420 45 56 1 486 126 32 239 111 355 392 290 347 321 353
30
63 128 424 174 65
26
97 217 433 144 495 142 354 356 18 86 258 278 458 20 300 288 121 265 442 2 50 58 331 215 13 130 485 295 239 357 419
24
2 430 418 139 322 14 133 324 286 453 251 32 177 74 459 237 165 360 478 43 57 373 216 154 295
15
214 110 295 395 38 248 346 239 234 409 322 443 308 103 340 77 500 266 280 93 307 369 168 486 462 137 452 15 333
28
247 9 221 472 240 382 306
30
41 54 346 326 51 244 334 468 294 143 329 37 256 485 308 376 433 285
8
125 288 480 219 224 152 468 396 142 258 110 108
18
48 460 246 469 289 164 434 239 325 131 369 224 213 183 234 97 278 493 3 392 44 172 40 68 285 381
19
383 200 97 285 500 109 323 428 145 6 100 471 86 435 161 246 288 339 391
19
254 464 16 229 335 40 325 448 260 474 139 408 199 458
7
324 51 171 483
26
466 18 216 254 473 231 154 296 183 103 283 48 252 290 494 282 343 256 74 393 19
16
115 308 421 434 192 8 494 206 26 402 281 74 354 59 247 377 103 82 222 185 478 113 460
10
266 172 204 143 498 211 380 467 239 384 250 125 248 407 309 6 93 218 476 4 77 444
6
260 270 127 95 238 474 401 365 184 296 359 62 143 102 357 460 338 50 433 199 268 454 209 337 328 129 223 302 239 336 214 456
20
100 124 248 176 211 110 291 143 431 500 348 97 191 47 235 448 396 363 425 460 48
19
142 429 310 343 47 1 315 300 133 440 102 193
30
361 97 72 17 215 271 182 212
28
16 154 157 447 446 257 360 151 417 111 54 393 141 267 414 30 341 12 445 319 270 11 20 133 437 223 161 56 237 212 211 19 442
29
217 324 251 355 242 343 152 269 253 453 252 436 82 394 344 141 109 195
3
96 313 173 388 342 16 349 238 468 137 386
4
56 428 44 405 227 39 16 189 92 477 173 243 232 389 308 459 251 143 161 7 307 104 103 166 425 399 440
3
278 110 401 116 127 131 143 333 187 452 383 177 402 434 388 97 183 346 112 16 225 123 215 313 214 233 145 355 403 77 194 248
2
116 129 402 259 280 104 278 31 393 48 487 21 213 229 267 405 62 419 346 308 236 45 336 195 276 60 468 345 224 398 394 355 156 274
30
146
27
322 375
28
462 230 144 485 124 207 2 96 355 251 179 477 134 119 241 326 52 12 385 315 104
11
429 332 457 266 121 416 95 211 383 72 203 57 24 318 239 479 473 433 282 175 477 155 235 245 288 307 381 222 392 406 18 32
5
398 260 342 145 471 36 475 167 272 132 178 498 189 372 261 269 435 495
1
285 131 321 411 254 286 342 333 237 173 38 369 385 331 216 262 253 225 109 443
15
469 70
16
137 115 321 51 399 238 311 435 359 330 36 491 157 208
25
167 364 65 444 392 185 85 289 329 327 59 166 99 272 219 31 133 464 33 474 187 230 12 4 67 114 147 257 340
10
393 192 433 103 424 490 325 241 37 439 48 426 302 264 129 311 215 285 436 244 441 349 303 389 261 330 71 196 418 230 171 466
18
229 41 148 449 480 13 446 132 27 421 424 465 224 209 174 178 362 456 207 479 62 271 379 37 96 487 95 124 486 407 135 201 153 443
13
81 203 339 282 374 364 469 89 45 249 190 476
9
15 500 3 41 418 447 430 79 95 71 144 350 373 163 452 227
12
100 376 166 187 209 400 436 35 476 40 409 167 417 52 71 184 317 292 355 368 15 39 496 454 21 138 299 424 300 465 72 346 460 214 469
17
37 19 309 248 220 59 45 380 250 426 319 437 291 74 449 179 347 326 123 391 489 14 498 280 124 56 343 476 18 39 268 454 323 122 364
24
67 176 370
19
253 133 157 65 383 368 140 95 38 105 430
8
490 473 445 227 317 85 319 90 46 60 59 372 125 110 134 337 56 83
15
443 48 487 21
20
239 377 37 77 87 168 389 238 340 1
13
252 61 158 87 440 111 2 120 414 159 39 144 500 53 26 88 229 359 154
21
40 117 222 305 405 30 114 321 75 490 154 380 83 194 491 497 239 396 42 67 210 39 236 283 169 64 392 330 91
5
167 46 14 249 111 7 144 365 128 388 225 409 275 487 9 252 178 66 294 426 329 34 52 141 28
27
466 221 359
27
232 340 318 487 298 488 379 254 263 210 409 414 146 56 46 183 294 361 407 81 289 57
29
396 228 48 377 187 78 395 331 91 366 440 301 342 241 333 339 146 12 67 365 274 210 356 205 169 295
2
403 65 49 359 486 157 135 196 113 241 187 464 353 176 382 82 277 230 22 181 104 160 108 485 128 43 329 435 197 445
17
154 19 377 387 427 78 412 191 360 311 39 318 464 77 21 403 354 286 426 437 332 141
7
105 6 378
28
190 2 51 114
28
305 234 184 444 353 166 147 388 4 120 440 165 69 460 46 328 339 452 445
2
486 485 32 376 463 476 409 354 184
18
324 499 426 335 134 439 485 484 225 365 449 187 352 436 73 263 78 490 450 360 261
9
265 227 360 226 306 187 252 16 364 278 420 68 253 418 381 219 28 270 454 332 57 492 181 323 114 75 149 9 359 189 3 213 67
3
40 193 207 180 81
20
467 396 410 211 205 83 283 398 116 500 156 485 317 79 169 17 236 384
24
420 339 29 31 219 410 248 137 289 38 227 97 39 462 274 213
26
354 498 1 393 273 405 283 484 371 51 487 182 322 389 106 192 337 23 43 64 72 119 413 341 47 268 170 10 442 439 162
29
260 178 119 271 94 442 138 343 229 401 166 240 96
24
253
16
472 186 391 23 266 190 139 125 173 441 267
27
364 161 485 202 379 21 376 67 81 451 6 338 371 171 17 179 449 99 382 104 62 392 307 476 355 267 93 232 164 181
19
52 98 384 320 380 74 295 394 234 200 428 304 267 356 435 186 233 437 215 169 220 255
7
103 352 13 484 197 149 267 63 50 430 386 26 45 278 261 82 270 101 385 428 251 369 451 89 118 157 171 200 395 155 231 301
1
189 485 273 339 172 215 200 487 48 497 169 232 327 382 151 490 291 211 38 326 341 88 143 82 53 460 22 145 315 360
6
