610
234
1 2 3 57 81 138 141 148 187 189 242 281 344 399 402 423 469 474 554 565 582 599
77
1 2 327 534 610
68
1 17 18 30 108 114 136 153 186 246 315 319 324 340 358 417 463 492 505 520 553 554 555
14
1 19 26 171 285 312 346 377 386 410 415 427 428 429 443 460 498 521 550 564 576
29
1 22 42 43 44 135 173 218 336 349 380 456 474 487 563
40
1 23 51 55 63 65 93 104 196 202 228 239 261 268 275 302 348 401 442 483 490 493 494 495 503 509 591 610
26
1 45 77 81 100 101 102 149 150 154 196 241 244 250 255 271 424
59
1 52 55 61 74 98 129 139 140 141 198 321 364 380 397 400 450 509 530 557 563 590
97
1 55 67 103 142 167 177 244 307 329 356 373 404 405 477 492 503 527 554 564 565 572 574 575 576 607
71
1 72 73 74 116 267 517 525
24
2 4 15 61 62 63 80 100 252 271 371 392 393 444 484 493 506 543 562 582
35
2 8 28 29 30 40 79 244 319 365 408 420 465 537 571 590
84
2 10 11 12 22 26 45 57 101 148 162 167 200 222 243 270 271 292 326 345 368 402 459 490 509 515 565 570 595
1
2 13 69 77 111 205 220 250 285 304 347 411 431 454 455 456 467 475 485 499 500 591
34
2 21 37 79 88 92 125 139 163 175 181 197 220 221 222 227 232 259 358 368 369 384 408 411 424 432 507 512 559 565 592
87
2 40 78 79 80 121 124 129 134 167 168 264 287 288 326 397 433 465 487 495 524 603
79
2 42 77 144 155 215 234 267 311 427 454 460 461 462 488 533 548
41
2 46 52 59 71 76 87 88 99 109 142 143 144 207 249 274 284 310 340 418 467 470 486 502 541 552 558 560 561 578 607
3
2 70 196 207 433 434 435 596
78
2 104 105 161 166 234 301 302 303 323 324 344 387 447 501 543 547 579
31
3 4 5 17 67 71 260 268 301 337 449 590
64
3 6 7 8 47 86 87 97 103 170 254 271 273 274 333 346 348 355 374 421 433 464 482 488 494 572 583 597
4
3 6 16 17 18 29 64 73 76 91 94 98 100 111 207 215 237 334 360 400 439 493 544 582 590 600
70
3 7 32 56 69 135 138 172 178 181 184 185 186 213 229 245 340 341 359 362 393 435 456 481 510 549 565 567 574 587 605
27
3 9 26 29 34 35 41 46 48 90 99 104 108 109 120 131 147 342 428 462 466 467 468 487 497 514 518 534 589
79
3 20 34 63 64 65 114 130 145 196 235 243 251 263 401 408 425 431 445 453 473 497 512 533 538 546 554 571 584 585
41
4 5 6 36 66 84 149 169 254 257 264 267 324 352 362 367 381 425 451 462 485 503 517 549 577 586 598 605
5
4 5 23 40 89 104 310 408 428 448 449 450 535 564
80
4 7 42 69 75 92 100 135 155 181 183 205 242 260 263 332 352 353 354 368 388 403 404 422 431 447 468 497 498 516
99
4 7 54 55 56 71 78 97 100 185 263 272 277 282 294 327 354 360 395 410 447 451 546 558 608
11
4 20 25 26 27 41 50 81 99 174 179 226 245 255 267 270 287 288 343 395 506 521 525 598 605
42
4 21 22 23 107 154 195 200 230 247 262 293 300 311 316 324 395 504 550 559 578
93
4 124 186 189 194 281 284 309 314 315 329 366 424 451 453 467 505 506 507 524
14
5 11 47 62 78 82 151 153 183 191 204 210 233 317 352 397 409 413 445 446 447 460 511 526 598
73
5 11 87 106 165 178 200 235 275 293 360 400 476 532 564 571 572 573
77
5 25 40 50 61 135 145 178 235 236 252 255 329 342 346 348 352 363 390 396 420 438 481 482 483 494 497 529 536 546 597
99
5 34 37 67 73 113 114 125 149 156 176 220 277 280 307 350 366 372 391 392 393 446 511 529 556 561 580 599
40
5 37 53 99 117 135 196 229 254 272 326 343 344 345 347 350 368 396 406 417 442 448 467 505 508 533 569 600
11
6 11 79 99 100 111 189 191 282 293 316 317 318 322 358 404 431 433 513 587 600
4
6 17 36 43 63 203 206 250 251 252 297 306 313 335 353 370 399 420 457 508 511 543 556 558 591 609
10
6 24 25 26 240 437 555
86
7 8 9 79 105 109 276 325 338 361 451
11
7 22 86 110 124 127 153 171 189 214 244 267 268 311 322 347 364 386 388 448 463 473 475 490 495 521 551 566 589 607 608 609
87
7 51 52 53 83 96 138 186 202 251 252 253 256 271 280 302 319 388 436 498 505 521 540 589 591 607 608
92
8 45 46 162 193 194 195 307 488
14
8 55 124 268 269 270 567
30
9 10 11 47 72 78 107 111 119 127 131 175 178 197 211 219 222 231 233 346 355 372 400 496 520 537 538 584
4
9 12 87 133 158 171 214 221 283 284 285 377 494
82
9 26 37 55 56 57 95 153 195 204 292 319 335 356 391 414 440 455 457 480 481 517 566 575 580 599
30
9 64 81 82 83 127 152 185 187 192 223 224 277 290 322 430 432 437 442 448 498 504 514 516 526 533 609
96
10 12 59 112 113 178 247 254 265 303 346 347 348 362 381 409 428 486 490 567
83
10 17 39 47 77 136 151 208 235 236 237 268 367 534 580 598
65
10 17 58 64 100 102 123 134 221 223 261 340 342 367 390 407 428 437 523 524 525 535 588
17
10 28 190 215 263 270 361 408 413 427 435 478 479 480 484 496 497 510 538
63
10 39 70 82 141 166 211 223 227 321 329 336 341 361 386 426 438 474 547 567 568 570 589 590 591 610
93
10 45 145 153 156 190 191 192 205 245 254 256 313 317 363 424 440 492 494 497 510 549 560 562 567 572 579
18
10 86 122 132 143 174 232 233 234 295 304 364 390 420 461 483 484 489 512 543 550 574 583
79
10 91 93 107 144 148 150 165 187 219 255 263 293 296 340 365 369 371 392 409 410 411 422 435 485 555 563 566 580 609
89
11 14 87 105 196 222 277 278 279 349 378 386 394 423 434
24
11 17 43 68 73 74 75 84 120 144 147 196 213 364 377 387 388 443 459 461 477 490 529 532 535 587 590
74
11 18 28 41 88 154 214 215 216 238 300 307 313 314 320 324 331 341 358 384 388 389 456 508 515 534 571
5
11 18 74 181 184 190 237 254 270 295 355 356 357 380 408 457 519 525 544 591 598
82
11 25 33 247 255 264 313 547 548 549 600
59
11 27 70 83 118 119 120 121 197 214 327 344 354 424 435 448 465 472 537 565
19
11 59 71 79 145 182 225 226 235 258 274 302 332 362 377 403 427 437 445 519 534 535 561 568 569 570 573
2
12 13 14 101 136 206 232 355 546
91
12 13 18 28 32 85 91 92 93 100 112 144 159 183 207 222 290 314 335 349 372 415 442 460 461 511 538 578
33
12 42 47 76 106 135 148 152 154 173 178 227 256 269 270 272 309 310 321 350 359 372 387 391 406 426 439 440 441 506 557 607
95
12 144 173 217 218 219 281 288 530
20
12 177 193 232 253 254 255 317 379 415 453 460 490 495 572 592
69
13 14 15 56 65 100 167 212 245 271 354 475 510
15
13 20 58 72 97 98 100 178 179 180 232 233 246 262 342 351 371 420 421 432 477 530 550 587 594
6
13 23 67 68 117 147 166 167 168 174 179 214 228 269 318 368 393 396 400 421 436 444 473 516 589
61
13 26 88 93 129 135 257 283 339 413 491 539 575 604 605 606
62
13 28 36 55 113 116 125 145 173 201 203 217 328 370 371 372 380 384 411 487 510 559
73
13 61 171 354 367 368 369
65
14 17 63 89 104 157 158 159 168 169 243 258 289 311 357 387 453 477 489 538 541
39
14 31 53 68 114 123 136 287 305 323 345 357 361 362 363 376 399 472 482 554 582 598
50
14 40 41 42 82 147 148 212 226 239 268 291 417 453 477 493 510 573 578
22
14 44 102 174 370 414 425 508 562 563 564 607
89
14 64 74 94 155 172 233 243 259 295 319 413 415 508 509 510 560 592 595
50
14 66 88 149 160 205 206 207 208 326 360 383 408 409 555 596
89
15 16 17 99 167 188 515 527 570 588 605
29
15 67 82 92 99 105 136 137 138 151 165 214 243 276 325 366 388 413 474 484 538 594 607
69
15 141 145 146 147 188 223 287 566 598 602 610
65
16 66 121 122 123 240 387 565
15
16 69 70 71 112 205 245 363 379 380 395 479 579 591 604
66
17 34 41 61 63 137 146 159 168 253 288 303 328 412 435 457 470 479 488 517 518 519 543 606 608
28
17 86 105 109 110 111 130 174 183 187 278 279 306 330 331 341 350 425 431 467 505 537 557 560 564 575 586 609
4
17 97 164 168 181 182 183 263 355 391 444 460
40
18 19 20 92 155 240 299 349 354 362
5
18 94 121 182 219 230 289 337 338 339 348 354 376 394 397 403 415 416 423 545 584 586 600 605
43
18 126 215 243 246 274 275 276 288 347 356 377 419 452 455 473 545
36
18 197 230 390 406 523 531 533 538 539 540 580
5
18 227 288 337 418 468 469 470 471 504 556 576
3
19 20 21
62
19 30 49 50 51 64 88 124 177 200 231 233 235 297 302 313 336 348 362 398 405 410 462 466 472 496 518 553 571 575
63
20 27 37 85 86 87 151 170 175 189 239 277 294 301 356 368 414 423 494 527 547 560 571 589 595 606
14
20 28 34 67 94 112 113 114 161 172 207 245 272 288 301 303 313 330 347 405 461 463 485 580 598
98
20 61 110 126 189 241 242 243 281 358 472 487 535 547
20
21 34 58 59 60 80 111 170 199 216 249 267 269 316 321 344 384 388 390 429 436 482 533 549 559 575 584 604
66
21 50 70 107 238 239 240 283 400 441 453 463 511
70
22 23 24 61 62 120 207 276 294 448
76
22 34 53 70 87 89 115 120 169 211 243 250 256 261 268 286 291 324 353 362 397 412 413 414 504 506 520 572 579 600
20
22 43 93 119 132 144 168 169 200 302 306 317 331 332 333 455 532 533 544
13
23 38 82 133 158 166 169 171 172 219 221 227 235 249 278 286 311 313 314 354 424 425 426 475 517 543 546 554 560 572
28
23 49 83 91 203 208 209 210 223 243 253 261 300 305 326 330 333 348 384 385 407 431 446 449 463 466 480 510 575 585
59
23 49 100 150 168 174 185 207 289 307 342 379 429 494 515 555 572 573 580 581 582 607
29
24 29 45 46 47 55 76 95 152 170 183 206 231 251 267 374 419 429 436 454 501 527 574
82
24 51 53 65 69 79 91 110 127 135 143 158 162 172 173 174 189 199 209 217 218 225 253 319 324 392 413 419 431 439 452 595
7
24 52 76 89 90 91 92 119 163 217 250 290 326 327 346 395 409 434 437 579 580 582 599 610
35
25 60 61 62 74 110 211 221 274 314 338 397 469 481 493 510 610
77
26 60 71 210 363 382 437 457 490 491 492
64
27 28 29 58 63 93 123 178 220 233 235 270 293 317 339 347 348 382 385 386 458 466 511 545 558
92
27 98 135 149 194 246 278 366 370 420 511 512 513 538 547 585
87
28 52 53 54 75 116 161 164 290 291 306 405 429 442 487 548
90
28 66 102 156 202 261 272 278 332 393 470 482 504 514 515 516 517 534 543 571 592 605
24
28 127 163 164 165 245 555
38
29 34 44 69 92 97 104 110 121 125 130 131 132 156 203 208 234 254 309 351 376 389 417 419 484 490 523 550
17
30 31 32 51 100 103 127 178 182 189 212 242 243 329 333 339 349 353 401 424 427 469 503 505 514 585
1
30 31 36 92 130 234 291 343 357 363 385 421 463 464 465 469 480 481 533 544 609
89
30 71 94 95 96 125 135 284 302 329 380 390 495 505 526 544 582 589
78
31 32 33 163 367 510
49
31 37 38 39 149 181 218 230 248 255 328 335 383 602
76
31 41 70 127 136 147 155 168 174 182 184 197 203 219 238 256 269 300 304 309 383 384 389 405 432 507 554 601 602 603
77
31 57 231 247 248 249 344 393 411 435 489 503 546 570
85
32 39 40 41 51 100 173 204 266 275 282 327 332 340 354 356 357 372 387 391 458 502 573 577 589
32
33 34 35 71 108 335 404 405 448 463 477 501 524 573 600
53
33 34 75 186 195 205 225 233 298 313 324 487 488 489 577 608
100
33 36 39 115 124 305 313 334 335 336 376 426 460 494
99
33 41 54 76 77 78 153 176 187 190 222 236 253 267 292 324 363 407 421 437 500 554 589 605
96
34 35 36 58 61 68 71 79 97 125 148 150 170 258 305 319 346 369 370 404 417 418 425 453 455 594
67
34 82 95 136 141 160 161 162 187 188 190 205 208 233 234 237 253 303 347 370 407 415 462 480 559 562 577 579
92
35 69 70 131 206 291 307 308 309 351 361 371 419 446 461 512 606
32
36 37 38 39 40 62 91 96 124 160 207 289 386 415 458 462 486 522 544 548 551 578 579
90
36 63 68 137 146 149 172 210 237 309 323 327 331 341 360 376 389 398 418 419 420 423 433 456 507 516 524 529 541
97
39 40 42 73 75 139 148 149 150 162 296 385 396 429 437 480 503 593
29
40 61 95 156 249 263 281 289 301 314 382 383 384 429 495 549 587 604
96
40 69 98 140 196 197 198 253 344 470 588
47
42 43 91 129 142 189 242 257 301 304 329 372 430 431 432 447 476 486 525
4
42 47 50 54 88 119 145 172 176 177 194 195 223 244 245 246 261 332 357 420 435 500 509 550 578
42
42 51 128 135 237 331 436 437 438 568
23
42 56 74 106 110 118 122 257 270 277 312 322 337 343 347 390 436 440 457 458 459 468 489 500 504 511 518 534 545 604
57
43 44 45 224 227 266 323 469 576
98
43 51 85 95 108 109 114 124 125 137 160 163 182 189 191 199 218 241 250 263 352 394 398 424 451 452 453 481 491 587 609
76
43 198 349 350 351 374
8
44 61 77 81 89 126 146 200 222 233 234 244 267 309 311 341 345 357 363 403 404 405 432 466 474 491 504 570 601
66
46 47 48 146 204 220 250 428 522
68
46 61 78 91 96 120 121 150 152 175 176 177 199 250 274 289 351 382 423 431 456 512 528 534 561 605
71
46 63 99 110 138 140 158 169 171 187 199 215 244 265 277 282 292 309 371 398 417 435 447 464 472 501 544 559 595 596 597
91
46 75 121 127 128 129 157 172 180 245 265 287 289 299 310 315 367 382 396 430 485 528 556 592 594 602 609
61
47 55 88 202 203 204 206 245 248 295 302 304 413 457 487 493 520 542 551
16
48 49 50 108 225 239 247 262 277 284 292 343 347 483 529 542 558 560 574 584 594
82
48 64 101 119 180 258 269 281 329 391 403 446 448 469 501 502 503 504 514 540 545 581
23
50 83 86 180 271 299 327 415 416 417 450 523 552
91
51 75 76 77 92 108 149 253 359 367 371 455 466 470 474 488 502 523 536 586
56
52 55 98 106 353 448 491 523 598 599 600 605
74
52 63 81 169 206 295 332 349 351 358 359 360 362 366 379 394 492 555 559 568 577 581
36
52 67 68 69 85 100 164 200 202 265 286 331 351 396 443 484 512 522 540 541 545 556
48
52 68 89 116 124 125 126 157 188 191 225 275 279 293 307 323 363 371 451 487 508 519 587 600
61
52 84 85 86 104 234 496 516
54
52 169 170 171 399
100
53 60 108 143 197 204 206 212 266 314 371 379 405 473 541 542 543 551 564 590 608
51
55 61 72 113 143 148 225 234 248 263 271 272 273 310 349 369 380 398 402 441 478 488 490 523 526 552 554 561 601
19
55 67 77 130 172 178 200 201 222 223 224 225 226 229 247 250 254 276 307 316 333 359 430 471 475 481 531 557
6
55 123 154 165 218 227 252 300 303 329 393 420 455 475 476 477 486 518 521 599
21
57 58 59 68 130 138 162 304 315 318 450 461 566 594
51
59 66 80 98 107 130 189 206 212 256 294 322 377 379 380 381 410 434 449 451 463 481 502 504 553 557 559 560 607
56
60 64 71 76 249 257 287 292 293 294 332 404 413 483 487 494 513 529 547 570 575 580 592
13
60 73 173 176 427 528 574 592 593 594
16
60 91 191 263 361 392 426 529 530 531
42
60 114 126 140 143 157 160 204 213 217 218 229 277 280 281 282 311 346 352 408 471 499 502 515 524 526 529 567 572
67
61 69 247 281 317 325 410 441 480 556 557 558 561 568
47
62 64 65 66 147 168 170 189 202 283 333 353 399 419 443 470 507
44
62 108 137 204 230 318 358 373 374 375 381 395 512 515 532 585
86
63 94 148 158 169 181 185 187 217 252 269 285 383 433 457 517 522 559 560 561 569 574 580
76
63 113 137 142 163 165 226 227 228 233 240 247 277 284 318 327 386 391 410 464 504 545 559 573
7
63 117 154 273 274 397 398 399 420 428 499
76
64 77 92 135 139 156 265 266 267 269 273 290 314 319 378 395 481 498 516 549 571
7
64 82 83 84 110 154 156 220 227 321 335 346 394 449 464 506
65
64 106 107 108 119 133 151 156 210 224 225 274 294 354 362 380 391 407 478 491 509 522 554 565 596
13
65 184 196 229 282 297 298 299 300 409 431 443 454 531
13
66 67 68 73 112 143 155 230 303 373 444 478 494
100
67 322 323 324 376 381 414 559 570 590 592
62
70 71 72 154
39
71 179 211 212 213 276 320 403 523 581
24
72 105 106 111 118 119 146 148 161 169 174 185 199 200 201 323 371 436 438 485 499 500 537 542 577
9
73 141 171 345 352 353 474 560 565 566 567 580 590
88
74 86 87 173 176 230 328 329 330 348 393 408 453 455 461 473 474 603
37
79 80 81
91
81 129 136 188 327 360 376 377 378 400 482 487 490 517 553 583 599
48
82 106 124 188 194 202 208 274 279 304 305 306 330 348 385 434 461 463 464 472 516 537 544
34
87 88 89
19
88 89 90 282 592
6
97 98 99 158 220 242 278 541 552 591
90
98 111 134 156 202 262 263 264 273 307 323 369 444 458 545 554 582
17
101 154 177 187 190 307 369 380 403 441 493 508 517 518 520 525 535 536 537 544 607 609
10
103 104 105 193 207 216 225 330 334 339 350 368 384 426 458 464 538 539 552
20
111 128 264 325 326 327 560
33
115 116 117 323 478 514 525
58
118 119 149 191 212 261 271 296 300 317 332 344 361 431 532 533 534 540 549 564 573
13
118 229 230 231 400 486 490 494
71
124 385 386 387 509 513
84
133 134 135 168 176 209 217 218 247 286 383 385 392 505
86
136 151 179 194 230 242 262 271 290 309 368 399 409 451 467 484 499 500 501 562 575 577 590 607
54
149 160 178 212 227 235 282 343 422 424 471 476 477 480 558 575 577 586 587 588
24
151 152 153 255
11
154 155 156
41
154 340 341 342
83
162 172 281 284 288 351 466 537 550 551 552 580 588
2
162 379 395 406 407 408
23
163 208 313 314 315 436 443 448 542 562
98
165 182 187 188 189 205 229 309 470
82
165 544 545 546
98
172 282 472 496 497 498 605
52
173 307 515 566 583 584 585
70
177 201 233 259 260 261 271 309 335 389 391 402 609
97
181 289 290 291 303 386
99
189 222 256 257 258 259 439 490
41
226 277 286 287 288 302 345 542 562
35
231 397 507 520 521 522
70
236 394 395 396 445
99
239 352 400 401 402
43
280 310 311 312 314 540
23
293 418 421 422 423
62
295 296 297 331
70
307 442 443 444 582
15
307 472 473 474 521
25
308 364 365 366
70
319 320 321
61
333 354 484 485 486
1
388 389 390
67
526 527 528
86
577 578 579
45
