50
63
10 44 4 6
8
34 6 44 14 15 47 30
1
16 20 5
5
1 34 10 13 14 26
4
1 4 16 22 27 30
6
36 6 38 45 22 25 28
3
15
5
16
8
8 11 45 15
10
13 30 15
2
24 13 35 21
9
40 34 15 47
3
41 1 14 30
3
33 7 9 11 45 29
5
6 8 19 21 23
10
37 10 43 42 47
10
36 37 42 43 14 16 19
1
3 44 14 24 26
9
9 19 44
5
49 6 38 39
4
27 22 30
8
42 4 15
10
36 37
8
22
7
26 20 13 14
6
16
3
32 1 45 39
1
49 27 7 39
2
8 15
10
14
10
35 41 43 44 13 17 18
9
36 43 18 50 20 26
6
44 20 7
1
10 5
9
19 6 14
8
43
3
26 35 22 31
10
44 23
9
8 13 7
8
44 5 30
6
5 39 10 43 44 25
3
25 10 21 14
8
32 37 14 19 21 23 26
8
1 2 35 14 47 20
5
10
8
33 2 4 37 14 18
5
33 25 23
6
33 41 39
9
5 10 48 21 29
7
3 37
2
45 15 17 20 21
1
1 6 39 13 46 49 26
3
2 11 48 50 21
5
28 13
6
27 36 46
3
5 7
5
34 38 41 11 43 29
8
9 12 44 15 26 31
3
48 16 40
8
33 34 30 7
3
3 19 11 15
1
36 12
5
46
6
