1000
500
43 369 585 855 15 81 173 216 280 663 422
772
698 592 390 815 658 684 141 92 845 623 202
600
206 289 778 864 185 429 252 997 770 561 39 187 249
819
653 737 230 933 276 535 208 548 173 48 29 900
300
290 819 454 260 63 639 495 714 125 572 96
959
299 134 692 78 246 822 357
272
806 758 694 334 221 679 19 638 577 353 329 38 351 401 231 970 487
864
855 754 83 662 731 920 812 638 808 937
562
977 138 228 32 850 512
647
206 994 51 103 174 915 848 477 689 623 453 597 166 249
705
990 955 511 938 795 230 593 931 512
370
72 359 802 775 871 199 738 96 271 149 206 674 502 308 831
9
531 482 218 714 7 419 835 208 73
570
301 759 217 189 132 850 130
69
172 833 361 42 682 738 659 298 145
173
333 865 975 546 712 717 200 435 453 840 448 431 509 855
297
145 64 635 783 495 616
105
481 512 382 125
277
56 635 699 799 792 507 36 340 229 476 566 200
30
235 955 76 108 721 466
969
354 277 472 498 157 915 621 980 319 154
211
44 290 947 903 710 629 780
185
749 101 521 973 238 303 113 941 650 503 135 236 963 26 215 524
255
9 902 952 963 254 298 357
901
678 470 907 471 271 472 161 168 554 328 357
16
433 831 584 135 869 602 611 380 131 947
909
227 939 194 543 534 637 269 720 444
216
691 468 756 998 302 476 567 9 46 582 975 166
59
109 394 995 61 539 473
417
55 444 336 264
770
285 760 983 89 109 845 903 298 77 863 460 190 504 937 572 855
811
17 670 665 289 901 94 283 210 773 229 170 441 569 736
561
181 793 938 42 797 682
920
340 876 148 267 856 712 934 993 224
66
952 780 790 773 771 251 265 274 283 25 55 580
639
62 337 28 438 972 463 516 900 559 289 421 685 147 278 366
568
404 89 652 773
521
36 573 252 965 41 287 360 225 738 699 242
787
871 144 178 786 913
388
848 440 57 529 436 900 813 653 422 869 583 473 763 166 246
820
987 810 674 354 379 825 77 748 507 998 598 339 955
318
17 418 344 727 883 904 786 789 286 558 211 119 36 989
401
475 609 478 7 509 236 622 894 264 568 514 819 759
22
445 687 583 565 964 201 367 850 836 839
625
152 283 720 375 487 855 680
644
750 469 677 377 459 905 881 436 147 287
312
866 747 223 105 465 693 657 482 188 145 107 369 213 321 959 485
446
686 375 465 450 917 147 749
503
134 979 920 46 209 1000 877 755 240 937 251
223
239 535 887 332 274 292 867
313
478 202 85 385 920 848 89 86 811 758 614 463
412
1 282 674 616 424 464 433 395 77 733 479 349 57 331 828
904
373 852 393 474 631 612 369 208 709 844 176 247
417
873 677 691 390 426 984 807 223 663 713 980 94
332
197 270 100 763 533 31 376 111 642 735 490 747 273 11 373 369
644
912 997 885 965 437 24
705
479 857 345 532 394
594
44 484 15 879 363
398
706 284 628 87 830 585 498 324 455 254 112 462 194 287
859
195 526 125 512 925 74 853 420 904 87 995 713 378 137 286 681
932
866 47 900 254 185
568
178 652 421 153
853
758 812 749 835
328
478 610 46 835 420
373
806 37 541 556 913 590 385
103
600 643 813 911 908 897 997
677
607 772 905 867 736 705 229 376 743
901
328 18 188 410 523 577 407 58 12 445 898 631 320
319
456 224 316 424 585 116 150
975
4 827 120 756 499
749
181 269 844 672 554 398 4 281 115 568 304 849 989 221 462 773
217
439 147 731 907 247 889 829
414
243 641 162 976
583
869 147 386 174 14 251 700 533 406 667
406
291 384 426 492 236 812 547 848 820 527 607 479 331 363 93
168
786 354 754 940 416 528 371 154 322 69 842 306 803 714 934 238
990
363 719 196 524
292
537 763 89 158 730 498 269 333 57 175 72 27 38 260 996 922
257
129 413 614 124 329 683 594 580 844
30
886 380 902 391 135 554 516 6
372
132 594 78 619 539 558 74
303
123 528 998 69 32 758 646
120
744 37 496 517 292 619 810 376 417 828 236 591 592 254 315
372
368 985 533 25 146 942 740
357
607 799 323 637 980 125 933 500 203 384
101
101 770 776 662 992 344 639 471 832 970 238 940 759 938 13 881 35
373
372 287 245 133
310
408 741 378 490 771 588 495 997 927 274 829 876 564 925 64 324 594
651
691 164 577 701 412 274 123 750 865 267
267
905 614 358 407 409 95 625
908
919 392 794 449 469 596 674 458 150
646
739 987 47 683 586 529 189
356
624 371 312 934 224 450 638
650
545 250 654 16 857 239 877 282 427 21 380 62 745 341 172 312
118
993 296 867 366 151 502
377
972 6 770 645 703 355 924 771 303 73 209 803 983 515 343
738
375 339 772 199 706 135 900 599 559 514 911 137 510 923 298 7
274
275 785 428 227 802 558 360 733 981 150 895 343
248
864 33 257 468 54 348 773 22 967 758 647 122 550 241 308 945 519
894
951 219 294 853 911 126 916 416 852 707
655
641 242 594 529 870 684 715 827 479 517 405 609 356 100 560
645
613 536 876 59 726 318 954 112 641 722 306 755
480
475 187 731 311 261
228
292 547 118 184 255 921 551 873 673 125 658 43 696 114 686 205
300
735 908 45 663 857 25 157 996 998 261 613
930
930 193 170 336 870 597 934 438 9 969 556 592 504 982
331
888 856 423 662 5 179 434 852 500
347
468 935 218 45 500 580 968 983 310 997 425 142 618 215 800 965 38
450
692 146 538 414 35 323 316 36 563 289 379 963 928
868
733 497 683 803 816 166 853 135 157 103 587 617 18 411 783 841
487
431 875 74 273 197 892 663
284
497 626 985 625 776 953 380 851 167
523
707 645 986 312 678 801 939
939
613 317 334 116 8 867 34 615
812
346 88 114 174 712 275 173
143
402 499 917 413 395 463 444 8 977 318 278 130 789 334 534 311
319
513 735 888 268 619 5 745 808
265
597 521 901 168 883 20 61 644 689 584 291 770 122
418
964 77 429 543 841 477 811 22 47 893 717 786 705
970
389 75 746 85 378 453 646 454 817 503
558
15 241 822 930 411 40 55 53 144 224 505 500 964
723
986 185 91 828
743
625 635 309 657 910 300 510 46 438 277 899 859 489 780 775
360
190 428 784 47 352 576 934 206 931 244 168 445 87
325
943 911 53 585 804 825 305 27 706 430 627
166
273 336 793 682 128 917 170
500
7 502 6 736 456
375
124 584 819 99 758
639
647 508 304 700 394 488 46 401 523 270 8 526 318 80
464
141 908 49 212 502 720 153 501 28 683 223 968 721 99
569
536 846 765 193 605 323 789 975 739 712 47
79
142 75 606 441 955 522
624
999 747 155 228 387 973 917 108 544 674 788
768
33 1 786 233 321 987 474 773 206 885 120
133
804 214 998 280 501 404 347
250
752 160 750 681 829 158 27 99 466 304 908
243
883 766 834 912 44 8 981 204
701
494 116 863 481 1000 775 893 38 360 357
41
7 808 570 168 145 552 277 767 351 152
342
590 436 963 825 543 340 693 49 17 123 591 189
133
174 392 858 471 931 682 730 530 580 148
827
870 740 667 483 590 549 692 777
574
125 603 60 211 625 264 66 152 383 944 770 295 214 892 774 191 114
864
911 111 170 153 366 385 660 816 211 64 775 883 732 404 481 596
688
823 871 865 43 128
442
57 483 139 137 664 251 424 579 123 597 706
24
827 572 229 924 956 792 458 513 489 34 886 571 524 725
977
974 581 633 237 11 813 71 34 924 256 154 14
635
322 368 247 619 640 958 218 199 158 152 563 486 381 264 290 648
921
916 83 2 323 356 428
96
694 978 845 455 332 345 79 800 148 535 220 343
410
407 116 661 220 63 151 161 764 131 585 772
702
955 31 292 300 695 67 287 317 867 926 440 94 273 559 219
207
116 805 103 138 367 956 139 873 364 608 429 829
909
768 912 29 384 132 174 618 375 706 87 602 553 201
279
383 56 489 765 714 848 179 147 202 200 388 710 140 20 443 53
674
980 235 742 136 937
421
456 291 131 824
63
284 156 889 658 385 608 480 903 400 184 741
439
515 139 419 570 888 862 197 173 777 587 331 13
205
593 242 619 511 585 707 219 840 291 342 478 975
683
95 750 637 383 611 954 849 149 423 649 754
182
24 604 42 691 744 333 755 378 252 502 297 47 84
115
267 631 404 856 183 857 366 920 678 827 802 115 696 426 81 345
806
38 412 132 437 990 963 120 669 527 82
603
748 394 90 613 357
778
124 512 878 541 294 413 888 225 288 946 459 856 608 55
380
885 90 956 783 748
740
531 733 691 947 459 187 664 984 713 96
646
80 165 870 845 914 715 372
539
199 952 716 43 267 99 482 443
206
454 862 628 174 552 728 389 654 341 528 655
652
879 638 248 465 292 330 88 345 470 667 328 825 901 152
677
874 900 285 564 791 565 907 733 293
227
494 64 94 922 649 114 707 713 895 233 668 710 826 970 104 453 185
746
454 146 569 527
506
719 401 622 47 950 743 194 806 493 788 287 698 393 225 563 156 900
805
89 45 831 713
261
220 61 407 894 111 729 651 965 343 492 755 693 916 16 263 424
891
445 765 514 861 50 1000 92 816 41 860 138 527
807
46 277 564 317
206
468 461 265 433 327 152 489 997 120 363 394 850 488 961 568 741 123
204
902 598 434 513
390
458 377 609 397 35 343 837 307 133 711 449 658 663 520 452 107 838
945
447 268 450 586 63 469 148 800 224
602
469 575 402 485 218 453 751 898 491 370 965 729 879 705 125 856
728
919 663 589 501 30 925 670 917 386 230 267
931
146 700 657 342 892 79 344 167 489 417 688 851 595 975 747
621
668 404 587 901 138 37 20 922 618 157 917 781 56 454 174 305
344
813 51 52 885 484 821 553 332 447
702
499 652 622 747 327 196 833 500 717 600 662
601
446 225 920 88 437 253 822 838 491 322
676
647 131 884 548 559
951
857 8 206 889 806 276 548 71 394 16 921 482 81 141 893 363
717
264 394 283 643 645 659 516 674 155 344
819
510 690 815 730 487 66 293 76 823
704
508 586 960 953 58 939 285 977 947 433 117 70 50
577
769 788 9 716 151 907 870 111 287 932
910
634 477 883 244 363 963 203 894 895 720 820
192
704 683 35 352 154 483 829 126 702
674
385 924 848 139 437 320 52 61
185
101 855 922 683 431 691 539 250 127 839 350 850 84 387 641 938 310
789
199 406 951 401 729 744 245 589 376 115 788 408
61
312 659 101 200 527 522 409 980 809
325
782 658 152 258
923
79 553 508 324
99
813 611 467 440 961
123
696 431 699 59 599 862 138
142
227 696 688 876 532
57
141 365 1000 80 226 241 285 330 32 299 946 763 956 953 466 888 177
164
148 693 188 815 916 851 1 549 593 25 635 351
611
303 942 861 471 333 414 100 40 949
744
904 196 934 78
851
942 744 694 61 116 221 539 699 950 961 837 813 372 960 18 375
765
819 706 64 395
92
13 681 666 89 751 480 96 628 752 749 829
171
676 978 547 591 609 510 133
403
550 132 400 993 825 69 851
598
609 785 307 352 789 403 936 604
247
614 26 966 981 752 144 673 808 687 600 857 701
440
646 415 874 896 472 398 770 640 776 325 563 82 426 337
228
417 41 493 612 896 65
93
555 774 727 419 838 2 921 213 191 269 45 117
638
51 136 906 285 115 320 178 685 386 145 994 122 811
126
800 905 564 114 768 699 511 487 864 93 125 975 636
213
178 575 973 210 78
457
40 645 563 604 178 729 955 724
369
84 460 477 970 756
842
99 287 861 384 67 617 362 583 589 606
450
618 28 88 183 966 391 764 393 956 260 744
999
66 540 424 326 191 541
20
268 729 337 345 208 674 436 40 445 877 982 435 55 329 358
499
537 107 686 470 70 635 423
321
850 417 303 512 384 216 66 652 223 23 624 315 91
949
525 890 172 518
955
176 104 246 301
252
288 673 544 120 935 635 734 648 469 876
854
806 74 751 491 377 919
897
994 818 351 869 739 745 580 359 293 510
213
151 7 610 211 781 178 786 950 576 341 15 89
898
954 538 513 136 203
901
71 454 639 293 508 501
478
672 521 496 140 967 553 582 52 284 830 695 254 206 389 897 883
83
227 530 958 697 162 797 266 56 940 737
471
895 547 626 636 808 938 452 656
149
720 991 458 903 624 620 604 600 697 483
407
737 722 399 172 348 290
616
944 894 29 177
1000
519 179 346 399 655 44 863 636 323 904
703
875 220 259 945 451 478 223 288 809 466 755 787 106 524 505 245
899
159 67 136 18 447 966 15 613 821 374
819
503 269 573 132 755 863 901 314 453 912 259 696 8 52 649
683
213 45 697 992 407 579 395 933
172
642 695 15 149 799 959 895 175 864 344 206 981 608 417 146 277
472
502 29 314 239 231 982 281 781 753 512 432
786
263 546 666 784 630 834 886 67
25
729 881 553 643 883 85 936 533 741 680 238 168 946 597 413 408 704
111
757 405 969 299 210 677 703 547 226
845
534 549 205 839 504 385 591 474 914 122 445
599
40 291 248 955 445
242
173 984 480 7 641 988 867 33 605 23 449 274 221 422 586
215
511 888 861 773 360 557
491
976 722 363 885 917 640 417 378
421
885 712 800 264 945 183
423
686 293 685 289 888 653 189
319
745 964 335 329 247
792
372 968 936 604 950 680 140 18 418 812 151 386 299 474 590 869 267 357
784
390 719 193 398 18 867 960 744
635
16 462 24 351 8 136 489 562 504 163 820 603 167 932 966
535
655 207 973 633 278 79 111 22 676 947
929
514 188 651 711 384 358 66 262 142 492 271 539 968 975 22
970
929 362 480 93 796 557 195 935 971 612 363 870
546
59 713 790 728 946
74
90 24 623 544 684 658 775 661 12 642
421
955 205 921 728 238 466 254 722 446
51
920 320 76 83 236 584 712 790 112 991 96
489
592 108 214 753 807
915
278 981 157 455 905 470 292 509 639 394
32
979 242 437 281 908 26 970 495 677 117 616 532 472 239 279
894
503 138 320 308 626 109 487 936 393 115
675
650 968 193 496 953 253 933 484 991 941 87 593 702
18
617 85 457 912 583 140 323 825
588
208 105 526 661 401 561 362 66 385
322
4 558 735 948 442 356 1000 589 901
985
429 62 286 751 462 426 871 702 675 748 845 851 427 500 996 118 937
967
262 573 806 837 917 21 454 865 491 470 150
220
53 760 61 570 466 487 115 827 180 843 290 615 710 240
266
979 398 538 680 865 590 570
663
721 93 728 224 703 508 580 28 461 386 180 300 5 193 165
3
971 97 188 741 444 196 324 140 745 65 503 379 162 684 200 559
213
767 838 118 556 47 349 980 15 262 926 835 378 788 248
413
952 817 218 506 428 672 950 555 487 332
11
463 191 953 256 916 350 716
106
603 462 311 342 777 959 204 536 162 525 143 77
295
218 344 538 223 384 79 688 891 912 842 461 700 558
919
783 197 336 528 294 89 877 103 731 847 642 713 442
623
976 597 574 676 60 586
833
97 709 669 561 802 4 488 941 437 880 535 514 668
278
682 835 389 217 9 930 569 371 122 124 886 992
579
14 665 469 554 700 6 315 976
245
719 983 171 271 252 375 91 845 521 749 822
767
675 336 347 629 573 60 270 709 271 608 788
929
191 61 84 607 469 518
919
652 66 144 320 742 735 615 517 252 844
905
241 319 924 452 542 76 940 901 453 911 44
579
931 929 452 437 602 999 251 672 353 791 346 850 372 241 675
752
337 746 912 414 118 564 607 262 551 858 525 817 172 483 68 61
605
415 454 927 764 695 461 871 77 896 319 344 629 937
491
809 741 303 862 9 663 832
75
882 586 376 161 665 280 579 861 213 246 676 858
359
767 988 162 113
867
163 815 889 192 731 258 195 117
923
474 452 648 453 992 102 15 963
817
415 821 608 736 822 765 785 720 799 580 307 321
740
770 270 325 764 486 612 148 196
592
700 881 148 418 848 156 427 637 601 686 342
896
680 389 737 794
536
57 115 71 402 58 721 655
332
846 918 41 678 205 84 915 12 830 925 126 456
796
80 208 599 894 852 626 737 241 579 865 290 233 689 455 129 317 823
955
238 41 933 451 895 367 696
877
946 812 289 185 220 262 809 798 297 273 447 137 486
359
633 171 189 668 860 523 456 212 413 934 96 548 2 896
243
49 532 739 233 847 354 380 789 203 142 735 487
718
492 174 76 522 382 832 139 885 821
116
100 537 10 353 448 313 438
194
56 418 128 859 817 922 119 812 262 552 110 872 703 213 998 742 76
807
462 434 98 378 822 849 147 138 241 307 847 106 246 199 958
688
804 667 292 932 977 454 486 579
80
445 295 714 717 392 711 454 887 108 242 720 363 120 857 431 36
298
466 305 440 16 363 927 227 58 564 2 118 240 568
867
755 945 443 27 108 935 742 79 655 343
829
732 955 642 977 984 576 120 814 924 654 718 903 819
687
876 308 541 317 256
240
117 340 208 871 800 205 332 625 802 970 893 265
873
578 438 686 977 975 844 86 58 885 651 79 540 335
139
173 322 244 870 744 320 250
87
158 446 403 318 628 98 23 979 589 704 95 61 408 246 634
483
381 724 91 612 725 776 396 528 71 689 197 340 556 182
608
763 715 958 722
965
386 899 315 761 523 987 509 849 62 5 213
441
369 762 342 151 331 403 363 653 326 747 358 996 239 772 866 120
463
444 484 878 967 296 683
496
794 331 121 546 99
121
280 495 219 209 312 186 759 179 734 946 500 83 117 259
227
235 277 564 927 408
464
992 432 189 339 713 152 118 479 97
435
587 595 246 287 198 72 503 236 655 929 952
855
815 859 492 916 671 452 269 107 400 520 508 687 211 680
955
631 58 809 1000 363 124 948 440 40 993 606 772
675
408 858 54 241 837 525 5 9 178 416
210
951 910 338 694 77 510 200 312 730 316 129
604
310 598 735 142 118 876 231
842
721 194 875 513 45 841 912 387 786 668 858 149 923
264
83 149 280 607 103 260 918 625 833
722
361 115 599 561 539 218 250 393 398 404 157 175 976 208 611 344
216
780 179 700 904 99 236 276 823 376 598 30 531
140
579 334 790 108 594 716 224 881 333 623 794 615 473 536 624
898
170 257 728 586 871 549 779 904 355 514 970 240 56 72
345
654 908 113 886 762
555
506 576 963 89 998 642 630 668 447 1 819 70 541 833 158 579
252
366 966 290 228 786 530 475 95 796 724 830 104 216 553
944
429 249 192 212 114 271 90 889 718 190 521
779
598 984 967 8 878 903 806 43 747 919 534 713
742
235 397 279 71 778 868 678 153 444 993 689 892 642 6
540
878 4 125 596 754 43 762 339 327 415 760 209 694 406 204 645
217
449 944 625 195 398 263 968 476 637
422
665 846 658 58 251 916
190
782 419 858 827 990 17 884 65 479 343 541 164 298 24 875
625
695 151 706 403
861
643 348 912 461 644 404 334 956 393 265 973 134 718
910
962 352 408 864 550 325 751 27 706 355 876 791 381 671 539 112 849
416
738 205 364 293 866 966 64 862
512
386 564 900 560 240 633 164 959 904 44 235 30 933 269
871
352 732 781 436 863 662 541 875 594 743 12 460 946
84
350 429 263 562 329
720
174 708 163 184 644 128 876 106 665 743 941
155
7 608 334 458 177 162 867 279 249 380 118 668 557 102 31 521
698
614 127 425 333 580 975 235 602 392 118 513
757
720 823 903 805
686
983 507 307 126 763 48 377 794 109 55 719 274 296 602 980 916 244
363
214 567 86 830
316
87 556 296 533 418 133 461 509 920 602 348 912 374
340
299 526 519 516 496 497 250
916
454 37 415 583 838 831 939 574 377 342 204 605 721
950
215 128 617 83 489 927 906 358 12 270 449 365 605 642
532
618 900 326 664 923 706 607 62 814 347
39
706 286 274 899 340 179 22
745
702 644 322 336 449 265 795 745 926 377 454 445 270 49 645
740
431 563 847 994 83 293 106 734 591 696 589 386 670 103 912
70
441 506 177 775 100 724
92
741 218 552 170 360 342 680 513 264 155 730 454 287 74 526 920 174
264
417 545 491 634 556
205
565 289 353 721
696
847 215 953 300 681 673 741 825 228 361 859 899 667 82 987 50
575
363 226 297 91 595 492 344 963 184 722
522
21 44 926 238 229 652 909 729 42
287
439 376 551 684 569 148 36 576 265 359 737 221 398 396 946
81
370 522 130 599 594 806 446 679 686 23 56 657 600 177 602 406 766
395
680 693 443 748 418 135 35 39 949 481 953 717 746 577 62
611
591 702 552 488
630
832 496 535 615 701 344
866
951 480 794 128 136 45 189
562
887 827 518 87 859 900 618 151
826
7 2 857 981 482 334
681
104 435 529 377 904 397 888 16 784 202 4 33 528 223
993
631 252 89 423 716 837 412 281 846 625
823
511 156 78 650 411 768 478 945 9
454
983 155 622 173 29 848 559 731 222 203 191 621 66
460
914 13 191 655 457 256
58
902 349 575 911 302 249 85 157 943 334 131 729 960 287 685 939 8
313
523 801 7 379 552
497
305 477 90 659 886 202 703 629 940 352 557
966
302 953 673 500 737 454
956
174 642 773 637 784
492
340 853 797 452 80 287 502 161 695
694
801 638 978 24 863 691 393 386 63 996 55 743 232 226
265
162 183 142 891 252 375
559
138 747 406 346 15 859 293 773 776 215
346
278 359 584 509 490 602 30 287 516 270 370 615 833 632 831
313
394 713 910 767 816 442 333 342 992
813
898 597 57 896 478 959 72 675
97
847 824 605 583 170 275 345 576 574 305 755 978 224 40 9 449 285
53
505 747 500 921 125 622 459 706 908 689 583 241 271 832 32 375 9
47
887 19 901 880 17 852 249 398 808 666 825 361 267 831 612
502
900 200 47 116 856 917 139 505 673 160 280
863
726 454 639 32 915 668
341
620 681 548 126 377 464 924 215 117 728 490 853 605 953 163 352 287
364
931 800 972 143 512 807 853 621 460 442 713 344 928 809 587 308 272
96
683 576 702 708 299
292
836 221 906 65 210 785 948 133 397
223
651 591 22 168 332 444 89 147 127 968 123
779
220 401 241 250 795 632 330 247 71 768 334 513 137 877 100
784
878 55 811 721 836 7 578 577 818 571 582 244 74
95
132 553 594 509 71 949 290
260
815 582 176 399 361 209 61 749 211 429 132 439 444 42 460
285
57 221 741 945 312 886 747
152
790 437 958 476 62 714 728 658 466 246 975 352 814
549
656 60 649 89 995 194 626 3 601 420 455 40 944 608 776 106 457
523
166 172 457 17 913 470 409 807 66
446
483 740 642 94 195 549 131 672
859
585 252 134 674 872 540 42 553
542
890 801 46 477 447 928 804 268 303 261 711 102
72
217 509 335 860 258 912 873 952
853
430 333 472 532 513 852 930 205 189 778 874 336
357
323 227 812 129 817 136 371 15 354 695 559
899
295 833 72 232 269 706 334 234 71 325
830
712 539 687 854 167 622 600
262
721 308 700 764 812 639 154 1000 133 667 549 637 295
375
674 992 753 857 733 322 371 999 609 899
683
311 966 822 683 216 581 15 296 853 815 610 144 665
811
845 275 377 284 824
578
419 489 884 736 714 909
815
321 19 242 733 308 594 48 869
362
707 791 554 126 537 772 244
31
961 53 842 783 871 500 381 953 271 457 130 476 762 672 382
925
114 723 641 363 586 649
87
66 954 609 408 336 202
805
350 725 144 780 575 733 966 636 579 815 648 205 730 919 432 364
532
649 199 958 297 479 193 151 845 309 242 471 685 926 967
16
340 263 209 214 360 866
347
81 669 137 656 969
935
623 452 538 633 73
64
417 625 25 152 621 645 656 906 95
498
457 579 268 589 325 190 504 935 35 888 140 819
62
19 428 988 338 257 445
495
389 905 198 30 914 401
824
361 515 583 621 838 364 895 142
594
83 970 73 653 916
539
764 257 347 12 74 443 858 103 915
218
391 60 410 868 18 744 240 352
303
965 662 700 104
226
683 283 857 688 493 148 323 676 812 316 169
93
933 625 999 132 35 207 348 940 37 376 690 865 639 36
849
737 173 867 419 294
343
179 745 597 358
555
533 741 247 172 853 324 611 109 595 95 918 865 621
953
567 723 248 184 610 109 144 398 28 364 829 510 561 189
172
35 889 330 839 750 664 861 182 590 534
251
499 465 598 54 682
765
495 938 226 788 370 89 425
529
674 255 868 256 506 33 427 881 130 724 35 987
222
673 743 678 284 774 211 302 909 140 67 625 417 493 575 533
146
17 363 406 197
268
856 65 631 645 999 916 38 131 449 419 582 148 112 388 171 64 587
530
690 555 285 225 316 24 786 298
801
954 839 742 967 65 817 153 39 757 658 518
425
769 945 822 390 920 363
122
105 771 595 913 213 138 51 463 445 840 701 518 594 842 538
425
20 544 461 380 526 377 685 502 206 250 759 85 194
235
196 287 221 354 334 275 857 691 113 687 949 302 985 999 251 957 195
462
220 955 492 784 289 291 55 3 218 559
778
804 174 471 876 975 357
574
145 269 924 273
725
475 744 928 352 537 380 646
653
908 912 609 919 377 588 370 726 166 781
225
356 442 743 181 749 59 523 404 698 816 448 440 65 283 573
165
531 80 688 365 324 325 172 576
999
780 457 722 826 29
746
448 705 427 257 469 674 175 495 683 76 32 30 557 480
305
