750
300
4 5 261 134 393 9 522 139 406 409 281 154 156 284 668 29 164 296 298 558 175 433 308 185 445 703 705 578 325 711 333 723 468 726 87 473 90 731 604 348 221 739 105 362 490 107 492 750 495 118 121 250 251 379 380
909
192 322 130 7 584 75 525 463 592 722 531 661 533 22 538 154 474 603 412 156 93 158 479 543 417 738 741 232 169 618 362 369 115 628 441 123 444 383
73
449 211 453 266 510 638
292
385 133 647 519 274 531 19 148 277 661 535 23 24 537 282 666 284 540 32 33 548 677 681 426 301 558 559 47 566 440 185 697 187 443 572 573 318 320 321 581 456 584 587 204 590 334 339 83 344 473 217 348 99 484 230 360 237 750 238 497 243 501 119 508 254
966
512 643 387 515 132 134 262 519 263 392 9 523 18 531 532 278 279 23 25 413 285 543 417 292 40 169 172 430 176 561 50 691 180 182 438 56 188 446 704 64 452 710 583 199 455 200 72 457 76 205 334 720 209 81 596 341 87 727 606 479 608 353 98 228 612 615 493 237 623 495 240 117 503 126
766
704 192 481 162 709 71 615 720 561 626 21 538 602 90 347 478
511
130 261 389 263 649 138 397 527 657 531 276 660 21 662 665 409 668 669 30 670 286 416 420 37 167 43 172 46 688 50 179 54 310 185 187 62 324 721 82 340 598 600 603 475 220 350 98 100 485 359 360 361 503 121 639
612
579 483 131 708 453 615 553 748 685 270 494 398 51 276 692 437 664 474 701 125 62 415
448
577 197 390 391 201 521 268 397 398 400 725 726 534 472 728 667 350 542 609 296 235 556 239 560 369 562 50 502 699 508 638
99
582 6 646 390 71 711 583 457 459 207 272 658 210 147 405 604 541 33 355 231 104 424 360 179 180 245 376 123 61 445 638 254
487
512 1 259 388 5 134 390 136 14 526 19 148 660 153 158 543 671 34 675 291 682 427 44 430 47 559 49 561 689 50 567 56 570 59 576 320 321 197 453 70 326 583 585 716 333 463 720 593 722 338 594 214 89 349 480 97 354 357 614 616 488 618 111 369 630 251 124 639
982
512 579 707 101 534 647 57 361 170 237 510 414
935
259 132 262 7 263 520 138 522 269 144 658 532 148 149 22 534 28 285 672 161 34 676 420 39 680 553 299 684 45 430 302 304 185 314 445 191 576 705 66 202 204 206 462 720 465 337 82 595 89 474 92 93 480 96 738 611 228 102 231 359 232 747 365 626 243 246 503 248 377 122 378 379 635 254
667
1 260 648 265 522 650 651 140 653 269 146 659 21 283 156 28 540 158 35 294 551 297 426 684 690 181 567 568 57 185 314 191 580 325 455 457 714 203 588 590 592 337 91 348 477 223 737 486 230 487 488 744 105 747 236 112 496 626 628 118 503 122 636
518
386 131 516 4 517 521 9 11 653 269 397 150 280 152 666 28 668 285 287 162 674 549 421 37 551 44 45 301 50 695 55 698 570 187 317 701 704 577 579 73 714 75 462 336 593 469 470 343 216 604 220 606 223 481 97 482 611 356 484 102 616 361 108 749 373 501 630 634 508 253 638 639
342
128 258 388 517 6 393 266 11 13 398 528 530 402 661 666 539 157 672 545 290 550 681 426 171 300 302 559 692 437 53 183 443 316 61 704 194 67 709 710 587 203 204 334 207 470 726 343 600 97 100 485 743 361 747 748 621 623 368 113 498 373 504 505 506 509
861
650 396 527 662 278 408 153 158 31 288 683 684 46 302 689 178 306 179 52 182 184 313 317 62 195 453 709 711 585 73 464 337 593 82 211 212 85 86 215 87 475 219 97 98 231 490 236 627 628 121 507 635
96
641 642 2 131 389 263 7 648 394 18 158 415 32 417 165 43 302 560 688 564 436 313 570 699 443 59 188 62 703 68 72 584 712 713 459 460 716 333 591 592 336 721 597 473 218 346 220 604 92 223 95 96 352 97 353 354 483 611 102 108 365 622 110 368 113 498 373 629
853
370 167 168 538 269
420
3 388 394 10 522 525 402 403 147 535 25 538 410 27 413 417 546 549 550 42 299 686 49 700 708 326 71 584 72 719 596 213 85 217 346 732 734 480 609 487 745 237 241 243 628 501 630 504 376 122 378 507
909
448 64 641 130 579 387 199 647 651 11 718 337 593 722 658 212 276 532 149 85 213 472 732 158 290 355 484 229 614 743 231 744 106 236 364 45 686 431 305 690 371 629 118 695 123 571 573
39
65 515 707 331 272 208 727 603 156 286 671 480 288 612 680 488 105 41 364 237 49 179 118 504 701
209
705 258 515 579 647 650 330 331 75 524 13 653 402 82 146 594 531 405 277 470 219 156 223 96 675 36 165 677 486 614 295 489 555 561 306 370 691 181 694 57 313 699 60 573 191
393
257 515 649 394 266 268 14 526 530 148 534 150 538 282 283 157 414 159 673 289 675 421 295 556 300 685 430 305 570 189 702 193 322 582 201 77 205 78 208 592 594 468 84 89 348 605 607 96 608 97 228 101 357 104 493 624 370 114 116 500 501 246 249 122 635 509 255
601
512 192 128 641 642 514 707 584 331 75 461 205 462 467 660 150 598 406 664 92 33 98 486 679 615 40 109 621 303 690 115 52 436 55 440 442 187 60 511 575 191
27
384 130 515 388 516 262 648 264 523 140 398 656 529 19 148 662 23 280 542 545 680 297 681 429 558 559 561 50 435 692 565 693 58 446 580 708 197 71 585 77 589 78 337 599 218 602 603 221 605 97 610 99 356 612 229 614 743 371 244 374 636
97
128 515 135 647 392 265 527 655 528 16 662 279 538 539 28 541 286 164 421 422 550 297 170 298 172 46 178 564 438 448 320 194 69 584 72 202 459 590 464 337 721 467 340 468 215 87 601 476 221 96 225 612 614 104 489 105 746 618 363 496 497 113 115 246 631 120 377 251 253 510
204
320 513 130 515 133 262 713 650 266 651 205 147 728 665 154 410 26 417 229 741 358 490 235 622 50 115 373 569 506 123 253 637
889
257 387 133 263 647 650 522 271 535 664 665 412 415 163 36 421 679 551 170 42 684 44 173 177 188 446 705 322 709 327 715 331 79 593 340 344 346 478 351 611 99 100 102 362 619 107 364 365 238 114 115 629 501 248 250 506 126
184
512 130 643 134 8 524 527 272 26 412 157 158 421 423 682 556 430 688 433 692 437 565 55 569 699 63 191 65 322 582 328 201 458 330 714 587 590 334 80 339 595 84 213 727 473 732 605 733 223 95 610 228 615 490 234 631 635 381 510 127
188
196 394 396 589 592 81 273 722 723 147 149 730 538 602 157 159 671 673 417 546 291 419 742 45 623 690 371 53 375 121 441 637 253 703
539
641 322 514 261 392 203 270 337 20 212 664 28 348 732 417 548 232 424 301 558 48 178 114 435 246 311
855
640 512 523 270 144 401 658 403 404 276 661 534 25 27 541 415 160 289 675 167 679 301 46 306 697 699 445 702 446 577 198 591 210 724 86 470 599 215 87 347 350 352 738 103 244 120 508 639 511
877
640 1 257 198 41 233 73 458 554 714 587 175 338 212 503 664 440 187 542
85
64 44 637 670
529
1 387 645 648 520 13 142 399 528 272 402 658 663 24 542 671 163 165 422 39 552 556 45 686 176 180 52 436 698 318 64 449 454 329 715 463 593 82 594 213 342 215 350 736 740 100 618 494 111 623 118 375 505 127
552
291 644 196 197 293 233 298 619 492 684 369 498 148 117 150 151 152 377 477 542
732
722 660 41 603 718
752
291
311
288 641 68 388 681 170 331 655 367 591 400 656 368 436 244 119 90 284 508 30
127
1 644 519 265 393 138 11 526 273 276 277 406 666 667 28 163 675 168 296 169 171 172 300 304 305 436 437 694 441 442 571 700 317 321 578 579 717 339 596 84 600 729 91 476 350 609 483 227 355 231 235 622 366 243 253 254
25
641 323 259 650 138 139 462 527 344 603 411 353 674 676 293 230 360 361 110 622 626 628 309 245 58 446 511
191
176 313 554 172 284 303
608
576 257 641 327 392 457 714 651 273 146 722 658 532 213 470 87 664 665 474 539 476 669 221 350 479 352 737 162 482 164 292 423 425 105 170 298 493 306 629 247 695 631 696 251 188 125 62 639
738
513 642 515 643 6 10 141 398 17 30 161 673 418 165 679 39 680 297 425 298 178 51 52 692 59 188 447 319 320 576 321 72 585 716 205 334 720 80 83 467 87 476 607 225 737 228 614 486 361 489 618 491 496 497 625 498 501 247 633 505 507 511
265
514 2 3 259 4 645 9 269 15 275 277 150 26 539 29 159 418 548 549 37 302 560 48 177 570 444 67 325 326 711 455 584 457 586 78 721 210 594 727 216 477 94 222 737 355 484 615 743 112 500 630 123 254 383
514
512 129 258 578 132 708 325 262 518 455 265 331 269 16 464 592 404 277 280 409 217 154 605 350 160 673 34 739 356 38 424 425 361 297 43 491 621 749 47 631 312 313 58 60 444 382
436
307
121
384 387 132 456 393 526 143 719 401 17 598 538 155 731 284 610 611 104 42 369 436 628 183 121 379 61 702
166
643 387 519 10 650 652 525 144 403 660 534 155 412 30 415 673 162 292 293 678 38 296 681 297 554 427 171 429 177 180 693 182 316 703 319 449 202 203 717 463 465 210 347 733 93 607 103 493 623 371 504 638 639 127
251
512 385 129 514 386 5 197 583 524 204 12 653 273 209 468 598 86 407 601 281 220 156 671 672 673 163 358 166 617 361 303 625 690 245 566 374 55 184 568 504 569 185 380 383 319
924
513 133 521 273 17 659 404 276 534 159 673 546 162 674 676 38 683 46 560 562 439 698 189 705 709 582 200 586 463 591 593 721 469 470 343 346 348 353 739 99 742 743 748 237 626 117 246 375 639
685
645 646 7 263 650 138 522 395 651 267 652 13 653 16 665 666 539 284 158 545 418 291 420 168 301 429 46 430 51 692 180 187 316 703 575 450 579 68 581 69 71 456 82 85 601 605 478 607 353 226 491 619 363 237 369 242 626 246 631 120 634 382
446
289 579 485 238 399 593 658 243 468 244 438 727 407 216 280 697 218 635 701
615
512 385 641 516 262 263 648 393 138 270 14 143 16 532 662 409 666 411 413 415 672 164 295 41 42 559 303 431 308 309 182 695 313 316 318 702 446 453 70 712 75 462 463 464 211 213 86 728 730 90 736 224 97 360 106 237 112 627 120 633 509 638
181
2 578 259 3 132 7 394 718 534 599 415 32 353 226 162 99 356 423 743 427 560 240 50 52 436 315 635 126
366
132 261 134 263 137 138 139 525 399 529 146 658 403 279 407 25 282 667 28 287 544 672 419 675 551 167 297 41 426 298 428 688 561 692 565 181 57 571 444 317 319 66 326 200 209 211 339 342 88 732 605 606 222 351 98 485 613 363 495 372 501 246 374 632 378 511
539
672 386 579 260 5 101 104 397 656 595 244 277 55 345 540 477
20
258 516 389 647 8 522 11 651 267 527 658 275 408 152 410 539 283 668 542 671 673 674 424 685 687 176 689 311 567 55 442 187 188 701 446 192 705 327 585 330 588 590 206 593 594 211 470 218 604 96 484 490 625 500 634 126
122
2 644 389 391 400 657 19 22 26 413 162 548 557 430 436 565 56 314 445 447 195 71 583 456 204 335 338 595 726 87 600 344 345 90 91 476 350 479 737 353 482 99 485 105 109 114 244 248 632 380
817
128 66 4 261 203 587 460 654 207 529 401 402 212 22 23 731 349 478 351 482 36 358 360 104 619 107 686 366 174 111 303 495 176 370 307 245 309 374 438 439 503 697 633 443
195
641 258 519 652 270 143 528 408 669 288 32 420 421 425 684 429 687 303 561 434 435 181 309 441 313 187 700 316 61 62 705 65 332 78 596 729 474 91 94 224 226 614 360 109 365 500 629 630 631 120 122 507
853
130 391 7 266 522 12 398 401 19 147 533 24 153 539 541 543 673 545 161 162 676 421 552 44 45 430 688 177 179 55 312 184 697 313 186 189 701 192 323 453 198 71 712 585 331 206 592 337 467 214 344 472 729 345 602 346 731 476 348 349 95 353 610 107 622 366 115 627 118 503 124 637 509 126
12
64 322 3 646 199 712 328 395 333 142 15 336 529 722 530 338 84 87 536 281 154 605 286 222 735 95 31 291 743 360 41 236 559 562 499 244 693 375 568 633 697 314 378 444 637 511
44
386 259 262 7 648 393 394 654 143 16 275 531 532 662 279 151 153 539 32 173 559 688 307 51 564 182 566 185 573 62 448 578 455 584 73 715 459 75 588 460 589 334 722 727 471 729 606 734 607 96 481 97 482 226 355 228 742 745 746 363 108 496 372 246 377 121 634 124 125
618
369 162 18 658 19 3 582 135 749 238 734 735
856
641 708 324 5 583 200 265 14 655 656 657 722 340 534 600 345 346 543 224 96 37 39 487 490 683 428 430 750 370 242 372 117 629 503 639 383
193
576 1 4 711 11 204 270 79 144 657 17 21 215 24 91 477 605 673 611 228 487 424 619 748 368 562 373 375 183 696
936
338 88 588 221
958
674 339 392 569 623
710
97 514 483 677 647 167 138 75 172 556 653 429 558 303 272 690 274 308 84 373 406 152 536 441
288
705 258 388 4 517 518 648 392 9 267 332 272 80 336 210 211 403 83 469 214 534 215 408 667 606 96 546 738 355 739 484 40 296 488 236 748 46 178 246 631
97
544 37 294 73 491 75 109 624 626 602 123 573 319
709
306 738 124 460
379
513 389 262 135 267 141 270 142 527 144 273 17 147 277 278 23 408 25 30 162 420 37 39 168 170 299 562 434 691 435 51 179 309 694 695 185 186 187 60 445 461 717 209 339 340 726 727 474 602 732 477 606 482 104 489 490 748 236 749 496 628 117 375 503 634 250 379 381 126 383 511
28
384 578 708 420 358 7 583 360 328 554 112 370 530 82 627 19 280 603 508 542 30 287
361
512 387 4 391 268 143 530 532 285 672 160 161 163 164 680 424 685 434 308 309 437 696 184 569 58 699 700 318 447 323 451 580 326 204 716 81 339 467 468 343 216 476 605 94 478 479 608 354 488 106 491 240 243 244 500 373 117 502 374 503 120 504 248 249 125
949
384 514 643 644 393 266 139 396 143 16 18 532 405 22 670 671 290 162 37 42 303 432 439 440 56 185 57 702 446 450 67 580 708 710 70 712 459 76 334 213 727 343 89 730 474 90 732 350 96 736 98 356 228 102 104 239 368 243 374 633 508
650
386 3 644 7 520 525 17 403 149 405 535 24 665 410 287 289 418 675 551 299 304 50 182 312 188 61 446 195 455 73 588 466 84 468 725 729 601 93 611 484 235 625 497 247 505 636 126 383 639
746
385 642 519 654 657 20 662 23 536 417 545 293 38 168 428 179 308 53 565 310 312 62 574 64 193 580 581 203 460 333 207 79 593 338 339 469 341 726 599 89 607 608 227 231 108 365 113 245 118 375 254
409
577 2 261 7 715 719 80 721 212 532 725 533 726 89 537 284 30 223 32 481 738 422 552 45 237 110 369 52 695 441
99
640 65 194 66 453 744 73 367 208 338 626 274 660 532 406 726 87 346 123 510 191
410
256 643 4 264 521 649 653 270 145 275 148 532 661 405 21 662 154 667 540 156 416 673 421 297 430 174 687 564 437 310 188 701 574 190 62 193 327 199 584 329 331 333 718 594 468 724 342 215 219 92 606 95 359 365 500 372 245 634 508 252
43
577 195 3 199 457 395 76 718 272 82 596 660 404 662 24 601 729 413 671 415 32 419 227 740 360 171 304 625 244 251 61 190
624
640 515 647 651 525 143 146 402 19 150 410 542 291 38 39 681 170 557 49 691 694 310 184 440 185 442 701 190 195 580 324 197 326 582 712 587 76 333 590 335 81 725 727 601 602 346 475 222 607 481 610 485 104 748 750 239 115 504 378
761
257 1 259 4 260 137 524 17 275 534 662 279 154 411 284 285 542 415 163 35 548 297 171 45 558 178 436 53 438 439 57 700 62 321 578 323 197 711 333 590 464 338 341 343 478 223 96 99 357 103 616 617 746 112 114 242 627 373 503 637 127
119
576 261 326 584 591 530 83 532 343 730 603 348 733 414 542 607 37 550 103 40 424 169 623 49 113 178 629 313 186 59
617
384 65 258 578 707 713 394 80 468 725 662 214 27 539 544 547 548 298 492 558 239 115 628 502 567 319
654
128 129 386 515 259 9 138 658 404 278 153 154 668 671 673 291 548 550 296 425 299 428 560 48 50 308 310 313 569 701 706 67 707 68 453 454 584 203 335 464 209 82 601 348 220 478 97 233 237 238 496 630 119 383
604
706 578 716 655 210 402 18 149 158 287 481 98 546 163 675 676 422 166 40 168 554 363 621 238 498 499 564 373 502 250 123 379 124 445 318 511
275
642 450 581 519 586 12 526 462 528 659 213 86 733 605 286 159 98 354 100 556 109 238 687 562 308 693 118 630 695 119 440 60 444 447
124
195 131 132 453 518 520 712 714 464 80 401 466 723 469 470 279 664 153 28 97 674 34 740 421 294 41 109 749 110 366 242 51 375 567 56 185 505 383
805
448 64 456 648 523 267 397 14 720 656 81 18 19 214 663 219 732 604 353 613 102 172 622 309 54 631 314 509
844
1 131 8 9 75 11 395 140 14 17 408 89 540 351 671 738 744 745 170 691 244 568 120 505 698 318 703
487
642 3 648 266 395 269 655 530 402 275 148 21 23 26 415 289 674 423 679 169 426 558 687 304 689 562 179 694 439 315 443 188 320 322 579 69 711 327 712 206 337 209 212 726 599 343 728 601 473 734 351 230 615 362 618 107 619 236 493 110 240 625 371 243 249 251 125
744
8 139 267 269 526 655 145 21 22 23 536 665 26 155 411 540 157 32 160 674 162 675 550 678 298 554 690 178 692 180 694 440 442 186 314 315 701 190 703 64 449 66 579 707 581 329 714 76 717 463 720 593 465 595 211 213 604 349 222 735 480 97 482 610 483 611 616 619 622 374 375 376 382 255
269
579 5 133 517 645 391 456 393 716 461 205 655 18 340 597 726 471 279 727 474 666 92 736 738 421 231 424 491 492 44 494 686 495 433 369 306 630 186 316 318
4
518 263 391 392 396 268 663 408 280 24 538 154 410 27 155 542 544 545 418 676 548 165 678 168 44 172 556 687 560 688 689 308 312 699 700 188 445 189 190 447 323 582 329 78 209 82 471 728 88 730 731 734 735 353 739 357 488 491 238 114 117 502 246 630 633 122 250
144
167 40 41 10 202 12 652 564 405 151 472 570 636 445
604
1 129 258 130 131 3 137 141 527 272 401 405 538 411 413 286 31 160 291 292 296 170 43 300 432 51 438 186 699 448 195 323 707 451 710 203 587 333 335 81 725 601 346 737 358 742 487 231 360 744 617 107 364 111 239 112 497 379 509 125 510
302
640 259 5 135 137 523 17 657 274 660 533 661 278 406 150 407 664 413 160 291 677 549 302 687 689 690 435 183 311 568 440 57 313 317 319 704 322 326 455 712 587 78 592 212 341 215 471 88 216 476 605 608 736 96 97 481 353 227 100 615 489 362 492 748 496 624 376 249 250 636 381
406
258 517 261 645 134 264 395 271 17 530 149 406 279 152 537 284 544 290 676 296 169 305 177 50 308 180 309 54 438 566 55 699 315 190 703 319 66 322 454 200 457 203 81 339 86 216 731 605 222 96 227 102 743 105 745 234 618 619 110 495 624 504 252 125
804
387 261 133 519 656 660 664 670 160 163 675 173 434 563 695 569 698 570 699 59 575 706 194 581 454 583 329 202 77 81 723 470 729 350 224 482 354 228 359 361 619 107 748 622 371 628 374 631 376 506 381
74
386 514 259 389 6 518 519 264 649 521 9 650 523 396 528 273 659 404 661 277 407 408 541 286 160 289 421 39 425 681 169 44 301 687 561 435 58 446 319 450 706 578 707 584 718 211 468 724 85 729 218 220 350 351 608 97 739 100 356 102 746 749 237 366 111 369 242 500 504 120 124 254
217
707 67 5 582 7 719 15 720 593 145 722 147 276 282 91 222 734 158 482 354 613 102 359 39 168 680 490 106 299 431 497 370 434 693 311 567 183 569 62
781
130 131 651 716 595 468 84 277 150 406 344 729 538 222 31 161 551 682 492 172 431 111 176 500 632 698 379 638 382 254
754
418 134 22 316 78 191
639
706 515 389 459 267 80 467 276 405 469 23 474 223 351 287 737 482 483 548 304 246 247 380 252 638
340
390 265 526 532 148 150 406 282 539 28 670 542 544 32 33 39 297 41 183 184 58 574 328 718 334 720 83 84 725 597 727 89 218 90 477 736 96 480 353 612 239 113 243 499 116 502 248 120 633 634 250 511
546
640 655 592 273 401 278 470 601 539 732 607 96 357 295 424 360 168 42 427 304 497 371 308 437 693 182 631 569 639
655
322 132 9 717 338 279 215 343 409 155 476 734 96 608 98 291 164 228 676 484 165 552 298 686 622 239 688 565 695 127 639
64
641 116 725 477 205
258
1 450 198 650 335 399 147 535 727 408 284 220 30 416 608 484 103 171 494 558 47 375 634 58 123 511
233
577 451 71 584 73 714 650 523 267 268 141 20 341 725 22 470 154 221 479 544 481 289 228 37 165 486 487 490 618 107 108 493 559 243 694 247 183 504 313 123 635 251 636 382 63
642
512 641 643 388 260 133 522 524 397 398 143 530 146 660 662 663 535 664 154 282 410 667 33 163 291 292 36 294 679 168 40 426 682 45 304 437 181 567 56 580 590 463 82 595 724 732 734 223 736 354 234 235 236 366 494 627 115 371 633 634 637 511
955
129 2 517 266 139 269 141 398 274 146 277 150 664 408 409 281 540 668 285 286 544 673 167 42 299 430 558 175 435 695 185 697 59 61 190 574 319 704 709 326 582 710 76 589 463 465 466 84 341 343 473 474 349 477 97 483 100 356 612 617 618 750 239 502 374 631 632 251 124 254 638
363
576 1 194 131 580 5 711 587 462 14 593 659 725 342 280 218 220 610 101 551 489 618 366 495 51 184 188 636 380 511
62
12 15 528 658 402 531 21 405 536 673 547 292 166 168 41 683 174 430 308 439 567 440 570 571 443 317 573 62 70 198 466 595 340 213 86 470 729 737 487 233 365 494 366 243 628 374 122 379 508 636
301
672 230 664 77 509
535
29 398 143
941
642 643 584 648 138 459 461 207 464 18 210 596 661 21 534 153 221 669 670 31 737 486 742 552 170 236 748 367 47 305 242 179 567 631 313 124
797
450 197 102 538
969
448 401 65 563 694 727 266 682 699 171
951
640 1 130 3 515 710 327 648 393 138 204 396 274 276 405 728 24 410 666 27 667 97 675 296 43 236 428 366 305 177 369 115 696 249 634 571 572
644
321 514 258 322 643 392 12 396 14 145 465 466 86 343 537 666 26 730 347 605 671 419 291 422 424 427 109 623 114 500 565 695 698 634 253 447
160
195 3 643 68 389 581 6 200 137 73 651 204 337 146 280 284 354 165 614 38 550 742 743 686 48 242 435 371 52 116 501 181 629 566 374 246 694 55 184 186 507 510 446 383
204
66 456 713 201 393 652 13 654 206 590 462 528 657 85 348 285 353 163 357 361 746 747 171 45 626 243 500 313
759
668 92
358
144 468 584 504 56 250 650 731 125 574
404
38 711 457 491 524 684 364 12 556 397 655 593 498 370 87 504 216 505 732 605 734 639
161
129 258 132 134 7 391 519 394 266 654 527 19 661 538 666 667 156 414 159 31 416 289 162 166 551 423 680 169 45 175 49 691 566 567 312 186 187 189 445 577 710 720 80 83 726 342 727 345 346 731 352 736 480 483 484 494 368 241 501 245 375 637 511
291
194 389 517 710 395 13 209 594 210 661 725 664 537 218 539 736 545 675 740 36 488 493 301 177 497 49 436 117 565 54 249 506 123 316 252 62
498
64 262 582 76 525 398 15 211 535 25 730 667 30 416 96 546 485 105 427 625 435 505 570 634 59 380 126
282
387 388 132 261 652 140 13 143 15 17 276 21 22 23 154 283 29 544 163 165 678 555 173 431 49 434 178 436 181 566 311 443 700 317 191 577 452 68 587 332 209 83 212 340 341 471 345 218 223 737 102 486 230 231 744 616 105 618 108 366 238 240 254 382
672
545 34 259 453 138 331 140 690 179 533 598 87 183 31
419
257 193 386 194 261 713 458 651 716 653 344 155 412 93 480 352 420 680 360 297 43 240 244 437 630 439 440 510
264
4 265 138 523 525 141 143 664 280 412 416 34 164 421 678 679 424 41 428 686 558 53 183 184 697 313 57 187 316 577 707 325 72 330 714 332 591 79 467 727 343 471 728 347 476 735 736 737 356 229 744 490 618 236 109 494 622 500 501 631 120 121 506 123 510 255 383
810
528 673 146 502 295
401
35 390 295 458 42 624 48 530 182 23 634 58 94 158 287 31
995
256 258 2 7 9 654 145 533 409 286 31 546 34 36 37 165 296 41 689 178 310 54 698 315 319 196 197 69 326 585 713 73 202 74 587 206 464 340 87 216 600 474 731 737 609 481 741 485 743 363 236 365 749 238 625 497 498 116 633 379 507
754
512 133 646 518 134 648 138 527 17 275 533 32 422 550 552 429 304 433 690 50 309 182 183 61 62 447 706 707 328 200 76 722 468 341 725 469 342 89 730 602 603 477 735 737 227 232 233 489 492 365 622 630 246 510 126 127
627
642 517 710 70 138 523 715 14 528 721 18 602 282 668 540 92 288 737 741 295 617 172 749 367 623 560 432 563 564 246 635 59 636 316 253 381 639
288
577 454 455 203 717 16 722 276 597 600 345 473 602 542 479 609 291 102 166 486 168 233 298 299 300 172 621 624 52 373 565 310 311 318
427
385 387 131 389 263 10 267 399 661 150 279 663 281 538 669 671 34 165 169 554 173 429 302 47 432 306 307 436 438 311 315 445 451 68 73 715 209 337 210 600 732 605 222 351 355 103 489 490 106 620 239 114 115 245 117 121 250
781
256 389 5 265 395 141 143 144 657 659 278 534 413 31 288 544 161 33 417 423 679 426 299 683 300 301 174 47 308 436 54 696 59 444 574 318 706 709 584 458 205 462 723 599 90 347 603 220 481 353 354 613 745 106 746 363 620 108 367 624 115 244 502 631 504 632 507 251 383
675
512 193 259 516 517 389 263 13 717 141 463 592 726 535 344 345 25 474 732 156 225 290 354 489 426 106 746 171 173 429 558 495 48 440 377 57 125
686
284
88
514 515 4 644 133 520 648 392 650 394 10 141 142 272 656 530 147 403 276 152 539 540 29 157 30 161 548 164 422 298 45 432 310 442 314 572 63 451 581 197 710 582 712 460 719 83 468 86 606 612 740 357 485 615 621 750 243 499 380 508 637 639
956
257 514 259 646 519 647 521 650 523 652 396 654 529 530 152 27 539 542 286 544 548 681 427 684 693 309 698 59 321 577 195 75 81 467 723 596 473 346 474 91 475 741 102 231 743 103 363 491 366 626 370 629 630 120 382
25
608 641 101 7 231 263 138 619 493 237 430 78 335 432 246 55 375 123 285 30
895
256 513 514 260 388 5 134 524 398 143 399 657 145 659 660 278 407 155 669 289 418 546 676 41 553 42 560 561 177 178 179 694 56 571 450 579 325 582 454 715 76 332 462 464 723 340 727 344 600 216 90 351 480 226 741 486 102 358 744 362 363 236 238 368 630 631 375 376 379 511
171
640 577 387 389 390 583 455 137 458 586 587 77 464 661 277 342 278 534 470 88 537 601 412 221 157 31 609 485 680 296 107 684 175 560 305 497 370 116 180 181 694 695 57 634 570 59
510
704 322 324 70 6 327 71 647 392 140 461 525 527 400 528 17 659 214 87 88 601 347 667 28 220 540 478 737 419 742 358 680 232 618 620 301 176 306 117 245 505 185 124 317 445
363
385 517 5 649 395 652 14 270 271 274 534 662 281 409 666 538 282 155 283 285 417 166 551 41 427 52 309 566 182 697 185 444 189 61 702 320 66 199 73 457 332 465 81 466 467 595 468 596 470 343 602 347 476 222 350 738 486 360 618 619 364 622 366 503 507 380 252 124 636 508 383
933
97 645 677 421 517 358 712 684 686 558 719 82 52 120 505 697 90 285 222 31
588
577 451 645 133 72 11 145 722 20 85 725 469 604 607 232 428 44 109 366 111 303 433 562 373 182 438 311 505 381 62
34
128 257 386 520 649 10 267 659 275 540 160 165 168 430 304 690 308 692 52 564 53 311 440 313 188 60 708 712 329 203 716 76 204 717 336 722 339 340 596 341 469 472 216 729 218 732 350 736 482 484 357 230 359 232 490 237 625 372 629 249 509 638
560
12 557
444
135 393 138 399 527 272 532 405 282 28 31 160 673 162 163 35 549 43 300 177 180 437 573 578 199 203 333 341 469 220 348 93 605 478 607 610 614 102 486 487 615 234 235 493 750 498 122 123 636 510 127
785
387 132 646 263 7 142 271 400 272 273 530 21 405 535 664 282 27 284 415 293 38 678 679 423 296 426 428 300 44 173 694 182 311 56 440 568 61 195 708 713 459 715 724 596 725 727 87 216 348 733 223 736 224 481 354 614 103 233 106 618 490 237 365 622 242 243 372 374 503 248 505 377 251 254
899
432 101 122 444
122
640 384 256 129 258 259 5 517 647 10 266 526 528 404 277 150 24 409 667 539 414 415 673 548 676 678 424 299 683 300 686 559 438 189 703 323 709 199 583 712 204 206 207 79 335 465 722 210 596 93 224 225 98 483 611 617 618 747 625 243 376 377 250 509 381 511
72
512 356 679 551 135 459 716 12 750 302 719 529 658 660 664 633 250 603 251 541
753
576 385 259 325 327 584 333 79 207 144 721 595 212 533 151 472 88 536 414 286 479 288 226 291 298 107 235 300 431 304 305 306 180 372 632 184 377 569 186 572 636 60 639
788
640 129 513 262 520 137 522 267 13 654 529 20 662 282 668 671 545 162 419 678 174 431 177 314 186 442 315 59 317 449 66 452 68 718 344 217 729 732 221 606 95 737 484 746 493 109 494 626 628 378 126
472
33 193 386 355 677 263 264 233 173 527 15 688 595 727 313 252 31
491
368 406 283
703
64 291 611 391 232 520 745 267 108 624 337 241 658 499 179 275 502 182 407 536 120 505 477
371
192 65 321 451 67 324 134 71 265 394 523 716 333 526 273 81 722 275 661 469 663 600 220 476 222 160 417 674 420 742 678 550 425 492 557 494 369 52 53 629 184 376 635 123 380 189 702
542
256 261 645 136 394 138 651 525 15 657 18 147 20 280 665 154 282 539 540 288 32 416 161 673 163 419 296 40 171 173 431 49 567 701 62 190 449 706 322 195 707 69 70 199 201 713 588 593 81 339 88 730 478 352 611 612 228 359 743 105 618 494 366 622 372 373 502 248 632 507 637
597
640 516 132 389 266 397 13 399 401 17 146 20 405 277 22 152 537 27 416 162 675 163 553 170 171 683 44 430 559 47 55 567 57 571 59 318 63 577 194 707 69 330 589 717 462 718 206 719 335 591 343 727 602 733 351 608 481 485 741 232 362 237 369 372 628 244 373 629 630 251 508 253 382
66
192 326 231 40 44 272 210 658 372 533 150 696 90 443 347 29 381 413 446 158 607
642
644 4 517 263 7 135 9 266 652 401 277 21 151 23 664 156 541 544 288 546 548 169 426 170 298 427 429 46 311 56 312 442 570 698 576 321 450 322 451 454 326 328 330 589 474 90 733 94 609 738 611 483 227 229 743 235 495 118 630 506 381 253
636
517 10 266 650 651 11 142 146 534 22 663 279 536 154 538 157 288 291 37 683 684 557 175 177 312 313 700 190 704 67 456 73 329 586 459 204 205 721 465 338 594 341 606 350 94 223 356 362 363 364 749 240 113 627 121 634 635 638 254 255
178
385 260 517 390 582 583 136 712 649 11 651 269 209 468 213 534 86 662 599 152 281 28 221 543 416 34 355 292 548 677 421 358 679 105 361 107 428 237 301 429 174 176 119 503 504 633 60 380
530
192 131 580 132 709 391 200 520 12 462 654 335 338 83 532 662 599 471 345 25 733 737 418 738 35 675 101 682 684 493 240 245 629 119 247 313 185 378 250 316 254 382
389
194 739 260 203 77 208 497 50 373 437 58 223 447
965
514 386 643 387 650 11 523 396 529 19 660 662 665 542 420 676 48 58 190 447 449 65 452 580 582 199 334 337 210 466 83 724 212 599 475 221 225 354 611 355 231 110 239 624 498 372 630 381 638
344
258 4 644 132 8 10 267 141 270 15 273 145 657 403 659 281 153 155 667 285 290 36 294 167 554 427 687 688 49 177 178 692 566 183 184 187 62 704 193 580 72 204 588 333 718 335 336 467 599 216 347 604 221 349 225 740 749 240 245 501 502
917
709 153
628
720 369 739 131 53 37 697 282 189 701 143
586
195 462 144 272 531 403 660 724 151 602 544 674 739 164 424 492 237 558 562 690 308 120 376 121 636
585
3 324 201 713 715 462 334 719 144 659 467 468 662 152 91 102 744 616 40 300 236 110 304 626 435 244 247 317
155
352 2 674 66 290 354 3 132 68 104 523 748 460 368 241 114 531 371 181 343 601 123 382
22
705 514 131 390 519 8 331 268 141 14 270 398 591 464 400 213 405 215 599 664 665 537 346 603 412 677 742 230 679 231 487 298 364 237 173 174 560 432 305 627 437 186 702
932
131 743 105 477
968
64 128 257 193 580 4 329 464 18 213 534 282 218 219 347 604 477 98 738 484 420 741 295 616 111 496 432 48 179 307 502 634
441
320 385 386 69 5 521 137 9 11 652 140 336 272 277 661 281 475 93 222 286 414 415 672 290 739 549 742 39 428 557 372 373 439 633 506 699 701 62 703 639
540
4 262 134 519 520 398 272 146 152 536 282 540 287 32 165 423 427 51 52 182 441 57 192 449 706 196 717 343 728 602 603 607 481 610 99 355 103 488 616 750 110 495 371 246 248 376 249 634 251 638 126 255 639
56
109
827
257 524 269 141 271 527 272 532 151 536 153 413 414 291 422 166 680 169 41 300 45 174 559 48 176 49 439 695 312 569 698 315 448 576 581 453 198 72 715 331 204 207 465 467 84 596 85 344 91 220 221 94 735 96 226 610 740 360 361 111 369 371 244 374 246 504 376 634
610
65 578 710 201 587 331 268 273 85 662 282 222 224 96 34 291 229 680 113 570 59 444 62 383 447
306
193 515 676 132 533 520 616 536 157 269
411
387 5 389 392 521 139 400 405 277 279 540 542 675 549 297 42 44 428 690 694 57 699 187 572 700 61 704 193 194 452 580 585 586 460 78 80 212 340 597 216 729 348 610 99 100 231 107 236 109 750 496 497 115 631 378
687
257 385 388 645 266 394 16 145 657 275 148 150 278 664 410 413 158 286 544 675 676 165 677 171 683 429 304 49 562 434 308 183 185 699 60 574 63 321 322 196 69 712 585 203 719 467 212 596 85 216 473 602 219 475 603 732 479 223 608 353 740 616 363 623 112 369 372 116 635 252 383
110
65 454 455 585 395 651 331 79 466 723 212 470 471 23 345 158 740 166 679 619 557 173 111 433 248
231
384 515 451 4 325 517 714 650 203 524 461 468 405 471 89 90 348 93 542 31 161 612 420 552 617 233 425 362 494 750 302 431 305 178 244 564 121 441 190
914
640 512 641 517 261 264 521 13 142 16 145 148 150 408 536 665 409 154 671 545 421 38 296 554 299 173 685 47 48 562 308 57 317 62 191 70 199 459 333 718 206 211 474 92 354 228 100 746 108 110 495 371 500 502 632 124 380
754
705 386 131 3 454 263 456 587 463 82 595 84 346 156 733 31 32 608 737 354 674 101 550 360 425 426 44 109 117 245 118 630 508 253 190
439
116 8 696 633 574 527 95
385
128 647 263 9 393 522 266 139 524 141 655 143 658 404 660 148 278 665 538 411 413 157 30 159 544 548 550 422 296 297 428 687 688 176 52 565 437 182 183 312 569 572 318 62 322 706 708 454 201 334 726 604 223 227 229 744 745 361 746 363 108 494 238 501 632 377 126 255 511
546
640 258 387 516 389 135 393 265 651 267 529 657 28 285 288 547 675 36 678 551 296 297 553 42 51 568 187 189 190 63 577 322 69 581 453 70 326 71 73 458 335 80 336 592 722 90 731 219 349 222 351 223 610 356 234 363 626 371 245 374 631 247 248 252 509
94
384 514 259 3 390 518 521 267 523 525 527 656 276 150 279 293 294 425 41 682 301 432 560 433 306 437 310 694 312 701 192 453 328 585 458 205 78 590 593 209 722 87 727 343 473 604 349 222 478 479 607 738 354 484 612 748 749 110 119 122 379 380 509 381 383
93
65 385 130 386 5 393 9 653 207 720 593 465 209 659 342 24 281 411 28 413 287 674 102 488 168 553 234 43 236 494 46 560 176 689 563 438 119 57 122 506 507 635 190 382 63 127 319
431
399 403 532 661 413 673 292 37 166 680 426 170 685 429 176 433 563 571 703 65 707 69 453 325 330 462 207 80 209 210 82 211 88 473 730 218 348 93 740 356 615 744 618 109 366 370 247 250 123 507
87
720 69 381
892
512 642 388 646 139 267 396 270 528 19 147 281 25 539 30 419 420 678 550 422 551 176 177 178 692 564 693 183 312 569 450 580 197 325 327 71 201 716 717 205 720 721 340 214 217 347 223 354 98 227 229 359 487 618 497 372 503 247 378 123 380 637 382
171
323 602 348 668
209
521 716 524 526 655 401 279 347 733 32 481 290 674 420 37 743 39 360 553 170 496 180 500 374 312 313 57 698 319
50
576 448 65 385 132 68 389 326 710 71 10 337 273 725 597 150 471 665 25 154 285 736 96 480 353 674 164 552 171 173 497 566 56 378 637
518
2 386 132 265 650 12 141 13 399 528 529 273 657 659 533 662 24 541 414 32 545 290 163 551 39 556 695 696 56 568 697 698 442 571 188 193 580 326 582 71 199 717 79 594 722 467 596 212 341 343 218 91 348 481 737 610 740 741 615 616 745 106 363 108 367 370 115 633 506 250 510 511 639
170
385 386 370 710 409 619 541 717 543
420
592 449 36 535 425 364 477 558 175 559 15
705
256 321 66 196 452 454 391 72 329 522 333 83 659 149 86 726 24 217 410 155 539 413 159 482 546 35 740 228 485 614 423 488 360 746 684 430 623 111 179 568 317 446
727
514 386 137 265 650 11 397 400 145 275 152 408 409 27 28 286 670 543 291 292 38 550 679 552 681 41 173 175 303 560 305 561 434 691 437 310 697 315 63 192 450 324 70 199 200 456 458 716 722 725 726 342 600 729 733 353 610 612 741 361 489 746 363 365 750 625 626 372 374 375 504 252 382
367
225 12 174 207
249
258 131 647 8 649 655 146 278 279 152 281 667 156 29 157 158 34 164 422 425 683 46 175 306 50 562 53 54 566 695 189 446 704 448 450 452 713 586 203 331 76 211 89 348 350 222 482 610 99 355 356 485 359 105 234 748 493 238 622 240 626 372 373 629 504 252 255
197
128 256 513 131 325 581 645 261 142 15 723 20 277 406 542 606 674 227 742 486 551 104 747 108 624 49 691 118 570
659
257 644 134 391 136 11 17 404 21 405 534 278 535 664 154 27 411 543 32 161 674 41 298 559 561 306 438 311 696 441 442 187 445 447 319 704 65 708 457 585 459 339 597 473 601 475 220 95 101 230 743 488 238 503
472
641 198 202 458 587 397 79 464 337 209 530 22 217 479 480 34 419 360 429 110 175 305 498 435 250 379
256
512 256 672 354 356 36 141 335 208 16 434 724 276 665 633 509 30 671 31 447 287
356
385 514 516 389 7 650 266 526 14 656 528 18 403 404 21 540 286 673 34 167 45 687 433 179 435 312 440 185 314 58 443 574 575 449 68 328 587 460 77 590 720 468 341 218 739 104 616 746 620 109 365 114 378 508
929
576 641 132 325 262 616 394 203 44 654 78 495 211 115 660 345 730
131
640 257 642 515 4 261 647 8 522 11 268 655 145 19 405 150 27 669 414 542 544 679 683 173 45 302 46 175 304 305 178 562 434 691 52 565 56 60 317 190 318 447 191 64 708 326 198 713 459 716 460 592 464 337 469 86 473 218 94 480 225 101 613 487 362 364 366 626 372 630 634 124 509
724
512 261 5 649 397 404 20 661 407 409 537 25 667 411 413 414 287 294 295 426 685 557 302 178 309 314 444 573 320 577 321 708 454 458 716 590 591 592 81 724 84 101 741 616 360 745 109 749 624 248 508 637
837
257 133 646 263 647 136 9 139 395 12 653 142 529 146 274 531 285 673 37 680 683 299 427 175 688 560 308 565 53 57 698 445 193 327 715 336 464 720 592 465 723 348 479 96 226 738 610 612 613 230 358 616 105 234 490 492 368 499 116 248 376 249 378
159
4 580 581 389 102 71 490 171 651 684 527 177 18 530 243 179 533 245 633 315 92
357
257 130 261 520 650 652 524 143 273 659 26 668 28 29 541 414 287 544 288 163 548 677 422 552 41 170 171 305 434 566 694 439 183 705 707 197 709 710 201 586 333 334 78 463 592 336 83 212 86 345 218 222 223 97 353 610 482 487 617 109 750 367 497 243 244 500 629 373 119 633 382
210
96 546 674 419 451 579 132 487 489 426 683 715 301 495 47 399 596 150 407 603 572 61 669 318
744
513 577 194 643 200 9 649 650 11 333 528 338 722 24 218 348 735 608 161 678 619 433 244 245 438 183 443 508 188
542
533 197
728
512 578 387 453 393 138 75 204 333 272 532 149 471 537 89 473 474 218 538 667 157 354 163 483 484 486 361 426 369 370 372 187 379 382 639 191
289
390 519 136 137 650 530 658 275 671 42 556 300 301 49 50 577 705 321 195 68 709 325 330 332 716 462 207 210 594 87 728 731 476 94 225 738 101 485 613 616 618 362 364 237 241 243 244 246 249
627
212 616 746 653 734
8
384 194 67 517 391 8 13 78 337 660 726 607 33 485 294 550 295 359 744 364 621 109 622 307 563 691 51 247 120 569 383 447
421
452 389 137 139 715 332 79 275 84 153 90 669 542 95 416 418 675 740 680 104 233 622 562 309 630 247 503 119 312 314
752
704 161 450 149 134 487 73 617 442 234 394 190
850
580 583 71 649 169 522 426 364 108 268 333 435 22 663 119 24 697 572 413 317 255
92
513 578 739 584 554 396 590 432 624 597 278 730 702
634
384 579 580 582 202 398 590 273 83 339 531 724 277 343 91 92 94 226 610 164 356 228 360 425 489 361 553 106 299 364 45 239 432 242 243 309 695 311 442 638
918
482 691 53 550 153 74 42 363 331
122
704 1 643 133 201 330 651 331 655 15 273 338 83 277 87 152 538 154 731 285 221 95 33 297 363 687 623 303 498 55 571 253
362
261 107
905
2 4 516 582 72 586 715 525 270 20 27 539 284 93 224 290 419 36 740 358 423 680 552 745 105 556 238 374 503 183 504
338
640 129 641 387 516 644 264 141 270 399 23 151 664 667 540 671 34 38 687 305 177 180 564 445 703 448 323 708 455 712 714 715 203 205 81 596 342 215 476 94 736 225 99 742 487 234 494 623 113 246 631 636 380
612
385 130 387 68 6 458 12 718 209 17 83 148 469 598 662 667 604 669 99 676 613 487 679 359 552 170 364 685 303 48 304 242 243 563 445 382 191
86
1 513 257 580 389 454 71 265 458 268 78 16 465 82 402 661 279 347 412 221 160 674 612 229 168 680 745 491 301 110 623 687 303 690 434 117 566 248 187 190
658
256 266 139 268 396 653 17 658 660 661 280 282 411 540 671 544 547 293 422 680 45 307 52 693 181 309 311 56 313 442 60 585 334 721 466 339 596 212 725 342 93 605 479 607 609 360 489 494 369 625 499 501 373 504 252 511
898
515 741 37 7 72 168 296 202 270 655 80 19 500 85 662 440 410 347 667 732 318 62 670
785
256 515 134 648 397 269 526 402 406 150 407 535 23 665 409 538 666 667 29 160 418 677 166 169 428 685 47 561 52 444 317 65 193 452 71 74 333 464 722 467 731 220 222 610 739 615 232 744 618 620 110 366 371 374 631 509 381 639
858
386 645 264 11 395 270 399 401 273 530 147 660 276 25 667 669 416 160 289 418 546 553 683 431 433 178 563 694 186 699 443 188 189 573 451 580 452 581 582 712 329 726 345 351 481 483 746 235 364 236 749 240 243 505 507 254 639 383
321
290 386 163 355 741 550 616 264 652 271 723 20 692 377 409 603 220 316 28 509 286
681
130 515 390 522 11 396 13 526 270 399 144 658 147 534 407 151 24 152 409 539 668 541 32 675 295 302 303 687 306 52 180 55 568 314 700 191 707 580 77 207 336 213 471 600 472 347 476 349 352 737 610 738 746 236 494 497 115 374 634 506 635
922
130 134 137 395 144 401 274 530 276 278 662 153 538 410 285 289 37 422 551 680 41 426 682 427 559 560 49 690 179 564 308 444 447 328 456 201 332 77 720 592 722 212 341 471 729 730 477 97 616 109 110 628 503 375 248 123 507 638
93
129 130 325 70 390 391 456 12 461 654 270 273 19 469 406 728 347 91 731 609 354 610 547 294 230 105 688 246 631 318 62 447
565
192 130 644 199 651 203 332 14 338 406 343 345 282 733 672 416 291 36 548 356 293 618 494 495 240 245 629 503 505 123 125
970
80 257 321 547 613 697 172 237 159
309
282 156
114
704 1 578 709 646 202 14 79 721 20 21 469 215 409 667 411 161 162 483 487 39 360 361 234 299 363 300 301 110 623 495 50 434 51 307 499 180 564 53 501 117 631 567 696 312 58 122 447
702
256 130 515 4 522 138 14 527 147 659 150 407 536 540 157 158 544 290 548 549 293 550 678 552 555 43 683 174 430 560 54 439 440 443 700 317 705 451 324 197 326 585 714 331 205 461 206 212 600 218 346 733 351 95 356 100 101 613 485 235 747 236 365 622 496 370 242 374 250 251
510
513 258 132 136 137 527 528 657 21 22 23 152 409 538 670 286 31 292 677 294 171 301 685 431 48 306 308 312 697 59 316 574 318 64 65 578 453 325 454 712 461 462 78 82 725 86 87 215 344 217 219 94 482 227 355 744 746 108 115 116 628 123 255
736
481 579 644 612 581 392 104 652 270 719 208 464 177 181 22 503 151 121 409 91 477
683
1 516 264 136 651 12 142 527 272 16 401 273 274 403 277 662 23 663 153 412 285 543 159 160 416 546 163 547 295 40 555 683 172 176 306 437 312 317 192 576 66 67 325 455 715 75 205 82 478 353 483 484 745 618 235 749 499 372 119
952
96 130 293 678 454 298 714 397 79 464 402 83 52 276 245 725 246 120 537 26 378 348 126
467
257 354 388 37 71 553 106 461 495 175 115 86 438 345 634 570 29 638
527
353 322 390 103 45 624 592 561 307 628 53 728 602 733 703
218
398 527 145 274 19 536 410 155 284 670 671 32 35 677 551 682 171 683 428 49 178 50 310 56 315 448 65 71 328 205 334 214 599 89 91 475 605 350 607 486 615 743 106 621 496 502 630 375 631 505 633 380
29
512 256 640 515 13 142 145 402 660 21 22 534 407 153 411 28 541 286 32 419 293 294 422 427 302 431 432 689 434 691 181 695 441 188 444 320 576 196 710 717 338 724 469 213 214 218 602 733 477 612 240 625 627 628 632 377 378 255
448
384 641 130 391 520 521 650 143 19 535 408 282 154 670 288 417 673 420 164 165 549 293 170 171 299 685 304 690 178 436 55 440 696 570 703 64 330 203 77 78 79 596 600 729 603 732 734 97 354 483 612 740 101 361 749 111 624 626 115 244 119 633 121 510
122
274 3 213 119 664 72 440 121 380 396 175
698
417 33 419 355 198 200 618 236 207 336 562 150 186 414
929
320 65 193 707 709 133 262 456 8 137 457 266 522 140 398 78 657 465 210 274 595 404 726 409 92 608 480 545 418 100 746 747 307 567 311 314 635 444 636 572 511 255 191
26
519 715 396 653 590 21 24 736 224 672 161 481 353 99 611 356 548 357 294 493 749 174 302 112 373 694 568 188 254
507
1 644 199 519 584 650 590 718 655 145 721 595 467 531 23 88 536 479 159 610 420 293 295 231 40 105 361 692 52 437 631 121 698 636 383
618
450 517 264 233 713 586 74 110 307 52 54 473 27
660
640 386 131 134 264 139 272 529 146 274 659 19 662 665 410 27 155 30 159 34 421 166 39 684 44 429 173 565 181 54 569 313 58 187 700 701 319 577 73 203 77 592 347 476 605 229 360 750 367 112 500 120 250 507 252 124
754
672 514 708 468 535 347 351
124
384 386 131 5 645 647 135 520 142 526 14 144 403 281 665 539 285 545 424 553 45 48 432 177 567 312 318 576 706 195 580 197 711 455 72 715 332 463 592 720 471 88 97 483 228 356 100 741 494 496 112 117 505
499
132 261 265 138 523 11 268 269 13 527 144 400 532 276 405 407 154 283 540 412 672 289 418 34 420 678 41 45 302 431 691 308 436 309 565 183 187 63 447 64 582 326 74 458 75 332 718 337 722 212 340 90 219 731 476 477 95 607 480 353 232 362 618 625 499 243 245 630 377 249 379 254
476
576 692 453 661 136 376 363 270 111
458
325 584 73 457 586 714 139 15 272 722 403 407 536 602 606 34 483 419 748 430 688 48 305 51 501 251 444 508 575
71
290 165 37 71 199 680 8 489 362 45 557 558 726 217
793
2 226 258 708 103 713 268 110 174 398 625 337 179 661 696 570 60 63
289
64 289 706 420 744 713 617 331 171 172 364 50 626 146 275 340 244 566 727 87 568 153 254 479
400
641 1 643 645 262 391 263 265 394 138 11 523 271 404 278 537 413 287 288 676 169 298 171 45 687 432 689 179 307 563 53 695 697 700 445 704 64 449 67 68 711 333 79 592 81 340 599 728 729 605 477 736 481 357 616 111 244 376 249 251 124 253
517
385 7 11 523 655 17 403 409 284 158 419 35 676 167 553 426 300 688 562 435 179 51 180 439 445 451 579 714 74 587 332 589 462 591 719 465 337 87 603 91 476 94 480 612 102 365 749 496 624 374 248 249 379 636 381
181
733 207
739
593 547 229 8 377 442 428 13 462 479
153
513 3 515 517 6 136 521 652 655 273 149 534 23 280 281 283 667 29 159 162 290 549 421 550 297 425 298 43 556 45 174 436 693 54 182 695 567 440 314 315 573 63 322 70 331 75 338 83 211 213 215 474 604 736 99 485 617 362 363 493 494 112 629 117 118 504 376 251 252 124 381 382 511
212
641 513 514 133 10 398 14 400 528 656 529 275 280 25 153 537 541 31 161 546 162 290 36 420 296 552 681 41 683 566 184 441 59 572 316 445 450 586 336 209 339 468 726 472 91 351 609 226 99 230 103 359 360 106 622 241 114 501 374 632 253 638
222
4 645 647 394 13 656 273 657 404 661 406 663 664 540 157 541 413 543 546 675 37 166 553 173 560 177 308 309 312 441 185 571 315 444 700 701 318 454 326 710 455 200 716 77 337 83 340 342 726 472 473 602 730 347 220 92 351 225 226 228 362 748 239 112 370 242 244 501 117 118 374 636 126 638
359
416 97 419 452 708 198 423 559 528 18 530 467 86 22 439 312 58 122 90 733 93 382 222
399
644 69 454 268 269 654 527 17 147 598 535 153 26 666 475 221 157 415 608 163 614 487 237 623 628 308 566 55 251 189
902
643 359 103 362 748 524 557 78 623 175 561 566 505 217 60 253 446 671
81
705 6 521 713 74 458 139 203 333 525 15 719 401 210 20 149 725 29 223 101 486 296 308 54 376 632 445 191 255
772
581 709 680 104 267 653 429 175 54 598 343 25 605
721
129 258 130 260 262 521 10 395 11 141 398 272 18 277 661 149 409 538 31 672 416 419 35 292 680 41 681 171 300 429 51 52 180 54 55 312 56 702 710 711 584 456 714 75 204 210 468 340 599 90 731 476 477 351 480 481 227 230 487 360 362 490 495 496 243 375 123 509 255 639 383 511
175
256 262 138 266 654 528 17 147 532 278 664 153 154 542 32 35 550 295 424 169 555 434 52 438 55 183 56 316 704 321 453 73 202 715 460 77 209 724 217 91 478 607 485 488 628 502 631 123 126 254 510
997
64 579 388 196 391 520 648 137 329 713 457 521 393 265 266 715 459 463 15 399 402 338 723 21 663 408 537 345 669 413 605 287 162 675 744 40 300 366 176 241 115 51 634 443 635 702
4
384 644 580 710 454 329 586 715 716 463 527 143 464 656 81 593 467 85 150 218 474 347 475 155 93 669 286 606 287 353 546 101 742 300 44 557 176 629 309 442 60 701 125 381 447 319 703
761
