1000
500
53 154 174 189 293 305 326 341 354 388 395 424 439 442 453 486 489 490 492 527 550 619 693 711 732 735 738 740 748 786 832 835 844 871 904 906 915 932 954 971 989 998
364
22 39 50 58 85 109 133 135 137 147 157 213 282 284 289 329 335 366 384 395 418 472 474 543 552 557 558 560 573 636 649 651 669 671 672 695 719 732 736 751 775 779 790 829 838 844 852 872 875 906 945 951 952 961 971 974
644
11 27 36 65 92 103 139 152 171 222 277 304 309 378 409 434 529 589 590 655 679 705 727 746 774 792 804 835 940 951 958 980 991
26
32 44 46 198 223 242 246 290 300 302 366 375 376 384 394 428 429 430 473 490 509 534 558 570 601 606 607 623 624 652 657 688 768 781 867 901 918 960 971
739
2 5 20 38 97 146 185 199 226 231 255 297 324 325 334 344 358 424 445 456 468 469 472 493 506 513 524 536 554 588 589 601 609 621 624 625 642 673 732 735 792 813 816 819 821 825 836 850 907 908 954 966
646
8 25 31 32 45 76 81 116 163 176 198 204 207 209 219 271 296 297 305 333 349 389 414 415 418 440 458 462 505 513 523 561 596 603 637 669 670 687 703 705 723 799 835 868 879 891 894 896 899 903 911 920 966
646
23 74 79 122 133 156 157 174 176 194 207 217 219 276 296 299 301 315 318 348 350 361 371 380 436 437 438 447 449 455 468 513 522 542 566 572 578 692 704 713 721 740 747 757 760 784 792 819 834 842 886 913 962 963 966 996
670
45 57 137 149 164 181 185 220 243 271 319 466 471 477 482 541 681
540
51 171 200 322 479 670
33
3 6 35 45 75 78 99 104 106 143 180 186 196 200 207 210 213 236 240 243 285 293 303 318 324 326 364 369 397 399 419 436 460 489 495 501 504 523 526 545 558 563 621 628 629 635 671 672 731 748 765 786 791 807 845 850 864 900 908 915 926 976 999
141
20 48 92 106 128 141 176 203 258 329 336 389 489 493 510 586 603 616 646 681 683 698 716 762 803 875 928
56
104 115 172 491 595 607 890
489
36 124 125 206 209 266 269 275 347 449 549 558 621 635 653 741 909 960 977
41
7 21 85 114 135 143 175 202 219 306 327 374 377 412 418 425 446 451 475 484 489 542 547 573 596 681 731 733 773 785 820 821 843 848 872 873 902 931 939 945 977
389
36 66 78 123 154 165 196 206 221 225 226 240 254 295 302 319 367 371 380 384 391 416 448 479 481 486 500 518 535 555 561 566 570 577 588 597 610 628 639 647 661 680 715 724 730 747 764 778 815 842 843 871 874 885 888 893 909 912 941 951 966 979 989
562
156 187 301 325 428 445 462 474 559 639 658 711 731 754 875 880 897 908 969
686
19 93 141 323 611 831 876 947
726
4 17 56 61 67 84 86 89 110 156 161 194 204 222 236 270 272 290 294 322 334 336 373 416 455 474 514 515 517 532 567 571 586 587 592 607 613 622 629 659 670 673 692 714 767 768 775 799 805 833 841 850 855 995
871
20 87 113 120 121 154 177 180 194 231 242 243 259 269 278 304 318 347 352 366 434 497 504 517 528 534 541 559 564 567 568 598 599 611 627 662 686 697 711 712 741 751 771 793 850 868 882 898 931 934 936 960 974 980 999
438
29 30 33 46 47 54 55 91 93 95 161 201 236 243 259 290 342 354 363 373 376 432 437 452 490 541 565 571 590 609 612 646 650 655 686 691 749 759 760 764 791 804 856 863 909 943 946 949 957 970 984 996
572
84 98 159 200 228 366 437 447 454 525 603 621 647 712 931 970 982
842
1 14 37 53 124 133 171 191 249 265 357 503 582 640 659 670 751 845 859 869 960
710
23 28 34 53 57 75 102 136 137 149 180 218 223 230 241 256 270 271 280 284 295 320 330 339 340 364 389 393 405 408 417 438 460 466 493 500 517 518 521 531 565 595 642 651 656 667 668 673 680 705 718 735 791 835 875 882 904 915 917 930 936 944 962 963 967 971 973 995
898
2 19 29 43 73 77 97 102 111 128 133 134 140 151 180 201 208 210 232 243 291 310 313 318 345 349 385 389 509 548 580 601 645 679 681 686 691 698 715 718 725 731 789 799 803 806 823 845 846 887 890 924 954 956 977 985 986 996
127
451 530 694 706 872
414
3 14 27 28 54 56 71 89 117 137 139 142 145 158 182 249 257 281 295 303 315 328 332 339 342 371 436 452 456 487 499 505 524 559 580 608 657 674 692 695 709 723 726 734 736 747 754 778 794 811 823 836 903 920 939 965 966 984
450
35 51 103 148 171 218 286 322 344 359 371 411 469 470 488 515 531 541 577 580 609 615 658 660 677 771 820 838 858 877 896 929
416
91 163 170 176 188 210 230 248 255 280 331 348 353 356 379 384 406 415 454 474 476 487 533 540 545 549 555 562 577 583 589 590 631 644 647 657 659 691 696 723 745 757 786 793 843 854 865 906 917 921 942 948 951 955 973 991
193
15 58 76 91 93 155 162 175 176 187 203 204 233 256 284 295 301 310 331 351 354 366 386 392 417 425 428 433 446 465 475 482 508 511 523 539 571 576 580 583 593 599 605 612 617 626 634 644 655 681 693 715 770 788 805 809 838 848 850 875 886 910 917 941 943 944 969 979 980 986
149
14 175 210 226 241 324 360 379 420 433 442 461 463 484 516 599 622 631 684 719 755 771 772 799 833 910 918 951 958 959 973
710
1 6 14 27 39 41 100 114 143 154 178 193 204 215 229 230 249 262 269 288 302 329 335 361 379 420 451 456 470 493 510 518 524 542 551 561 587 612 630 655 674 682 691 693 697 708 722 731 735 736 791 813 845 859 880 885 887 934 975 985
653
32 55 70 183 190 211 212 221 240 261 308 330 342 379 383 471 477 497 561 607 612 619 657 672 703 745 796 809 832 853 870 891 926 934 993
136
75 90 108 267 299 344 369 372 388 455 487 507 509 594 617 643 664 739 773 789 828 841 847 882 883 890 937 949
522
15 38 117 190 216 262 267 268 276 336 381 382 450 501 533 545 611 615 659 677 679 737 773 816 830 832 849 864 868 871 914
499
1 3 7 37 200 224 228 281 287 344 406 492 500 501 529 544 548 562 563 572 577 600 601 723 788 798 820 824 842 850 874 900 921 924 944
74
36 39 60 68 82 87 157 160 171 195 208 211 219 308 386 391 402 407 439 453 476 478 484 516 519 522 589 592 602 622 624 636 640 685 700 730 736 744 790 810 820 840 865 903 915 937 952 959 995
617
22 24 61 84 97 106 113 118 147 179 189 203 242 255 275 304 463 485 521 522 527 544 581 593 605 609 622 644 651 657 679 681 694 701 753 755 763 781 790 796 807 880 901 920 926 931 946 959 979 997 998
935
79 101 237 497 560 661 724 825 884 976
258
6 35 69 93 100 114 155 156 171 190 207 211 237 239 271 300 328 337 384 403 448 460 486 503 516 545 551 591 616 659 712 775 842 879 887 895 905 972 979
383
31 220 233 283 299 453 459 495 644 656 694 785 789 865
380
24 48 87 112 129 145 152 212 263 308 314 337 388 454 468 480 761 776 837 872 889 963
929
63 115 129 162 180 183 189 209 214 224 246 256 269 292 303 305 330 378 386 390 405 447 457 480 483 490 532 552 584 593 605 645 662 668 688 702 704 709 722 752 814 816 876 917 946 965 986 991 993
199
3 6 8 20 52 69 92 103 107 110 127 140 147 160 178 185 210 215 219 226 275 279 290 302 303 319 333 338 343 363 365 396 400 407 410 415 433 443 458 477 500 501 511 514 522 543 545 555 584 601 622 639 643 679 681 688 690 698 714 718 731 764 772 776 797 803 829 845 905 924 954 981 998
100
58 68 76 89 91 92 97 98 102 108 115 166 234 244 252 255 272 346 347 383 390 433 451 474 519 539 563 573 584 608 616 660 680 684 706 727 728 731 797 803 808 833 838 850 862 877 883 886 908 913 946 964 968 984 985 989
525
2 4 11 15 21 22 35 45 50 58 62 69 84 95 104 117 135 146 155 173 186 224 237 242 257 258 280 301 304 309 339 344 345 351 359 396 416 424 432 467 494 495 501 509 537 547 555 596 612 621 656 663 668 673 680 687 690 708 724 735 741 743 751 762 772 774 781 798 816 830 883 889 917 940 978
963
10 12 13 38 39 50 63 64 91 125 138 156 181 204 209 224 233 252 270 276 294 295 331 340 380 384 386 397 439 459 469 496 499 504 511 549 569 572 592 610 611 612 613 629 633 667 672 704 716 729 738 740 747 758 791 799 804 805 819 826 830 844 847 859 902 948 979 983 984 987
145
14 99 160 178 248 252 333 371 615 628 629 746 763
865
164 242 366 475 510 625 652 712 756 824 985
248
83 88 193 304 400 411 499 571 634 741 764 859 952
134
47 77 103 106 139 143 150 152 206 292 302 436 463 577 585 598 688 709 748 750 792 802 818 867 890 913 923
728
72 96 202 307 338 355 497 595 803 997
522
908
57
13 24 25 33 45 49 73 77 79 105 109 146 156 167 176 201 203 217 228 235 244 258 274 287 355 357 377 394 412 415 424 430 432 458 465 468 477 498 501 523 533 545 553 569 572 589 594 607 645 647 649 662 663 666 692 697 698 705 716 722 732 738 743 819 839 842 853 859 862 888 894 897 903 907 929 944 970 987 993
543
53 91 144 279 319 332 392 413 458 527 539 567 593 622 667 777 817 830 846 934 972 983
589
10 13 27 47 67 82 94 114 142 199 212 217 251 282 296 328 355 359 362 369 374 385 389 411 427 477 480 501 532 584 631 663 668 716 723 733 736 755 759 849 894 912 945 965 979
472
6 40 42 57 63 66 81 82 90 98 107 111 120 131 133 160 169 198 212 226 247 248 279 283 291 371 380 390 400 413 440 489 493 502 509 519 533 537 565 572 584 604 609 630 644 645 650 657 664 667 699 705 712 734 749 754 761 790 802 825 855 860 867 874 875 886 894 906 917 921 933 939
176
5 7 19 28 65 77 103 131 141 176 183 192 204 206 227 236 262 264 275 280 292 295 299 308 311 330 407 414 430 442 454 464 466 479 484 499 509 517 531 548 572 612 621 637 647 653 661 664 682 684 685 711 732 734 798 811 814 847 857 884 888 899 917
634
126 181 388 449 492 498 512 549 559 577 587 625 645 678 754 758 764 772 777 942 948
288
27 38 41 59 107 115 121 144 161 164 168 173 203 210 240 252 264 301 339 374 395 404 405 433 439 445 459 462 475 491 502 506 507 579 606 607 610 624 659 660 670 690 693 694 703 708 721 727 733 767 772 811 822 823 827 834 837 842 868 883 884 896 906 907 944 946 962 984 990 991 993
506
17 23 51 104 107 131 157 160 196 279 282 287 292 302 350 351 393 414 421 439 443 451 485 523 528 569 583 653 669 670 691 698 705 760 798 799 827 833 847 869 876 893 894 910 916 940 950
740
4 8 19 41 51 73 76 88 105 113 121 123 132 140 155 160 170 178 190 217 223 250 262 287 300 301 377 398 401 403 458 467 483 506 546 559 587 597 598 638 648 665 674 676 679 685 701 717 719 728 731 737 740 757 787 827 840 850 884 891 915 924 946 957 969 980
153
8 65 66 81 99 120 266 290 306 466 549 625 633 668 686 688 701 720 787 822 842 887 900 922 947 972
841
17 48 51 54 90 104 109 113 127 129 152 183 208 216 233 241 279 287 335 398 422 423 430 455 563 620 622 637 662 688 699 705 762 773 781 798 805 810 844 869 893 902 908 921 930 940
506
16 22 31 38 46 64 77 82 101 103 112 114 125 135 151 153 184 189 247 268 278 293 333 338 348 356 373 381 384 412 428 436 440 441 443 449 457 481 500 504 513 528 540 557 559 588 596 602 613 637 652 656 657 707 709 726 757 781 791 792 801 815 819 830 834 838 841 861 863 870 940 960 962 971 983 990 999
273
291 550
533
125 277 404 421 431 454 469 475 492 515 517 533 536 593 762 920 971
636
43 119 169 183 251 261 291 365 412 477 478 490 526 531 538 571 634 659 675 687 719 730 765 773 786 905 977
346
158 369 402 478 497
845
32 37 67 120 135 174 186 241 287 289 336 337 339 340 408 479 486 641 643 657 659 732 736 745 802 807 819 862 946 973 978
885
9 14 36 50 79 122 129 142 151 160 170 175 185 194 225 236 245 277 281 309 319 320 329 344 351 358 362 386 387 391 393 397 409 431 432 443 446 468 471 481 485 493 502 515 519 527 559 583 589 591 596 597 609 638 691 695 699 710 793 797 799 823 836 851 868 885 889 895 912 934 937 942 954 959 983 987 999
597
10 46 54 67 147 148 179 187 211 234 264 273 278 294 297 307 345 355 360 383 391 397 407 418 439 451 470 482 494 501 553 570 601 603 618 624 626 637 651 689 690 711 712 737 739 763 774 816 837 851 869 870 879 883 933 946
991
86 104 106 154 159 161 180 258 271 274 314 320 322 422 483 484 515 516 523 539 545 558 561 582 596 614 634 652 698 715 732 814 815 818 839 861 885 895 899 950 974 991
815
19 25 32 50 58 116 127 129 143 153 158 191 208 228 229 230 240 242 266 269 280 297 299 317 343 396 421 429 447 454 498 534 540 541 555 565 566 598 605 639 648 651 684 696 700 714 728 766 780 790 806 834 837 841 859 864 907 930 932 939 940 946 962 973 977
460
5 12 36 42 59 64 70 76 78 81 90 124 191 210 263 270 307 309 323 336 356 364 365 384 442 456 489 541 586 588 590 605 622 641 643 646 654 663 667 687 715 750 762 794 809 821 857 863 865 883 926 943 994
406
8 19 42 51 165 178 206 223 273 274 284 300 305 316 319 349 354 420 429 478 508 513 628 646 650 673 708 725 727 733 790 808 834 837 853 862 875 878 883 899 925 927 931 940 964 974 979 991
504
28 30 38 66 71 113 123 145 158 165 176 195 197 201 230 231 238 256 258 262 269 307 327 342 352 366 397 406 458 466 511 527 531 561 586 588 606 611 617 618 636 642 673 699 710 719 752 778 827 833 873 876 887 912 948 971 985 999
52
2 71 94 108 127 242 259 297 332 348 385 415 417 429 458 475 476 479 485 549 554 607 643 646 652 704 841 854 874 877 899 924 928 947 991
210
12 22 24 41 49 52 53 78 79 105 111 112 123 144 185 191 203 249 269 305 319 328 332 368 378 422 423 424 471 477 547 579 589 647 650 654 665 720 723 725 740 755 759 827 853 865 872 874 908 911 912 913 915 927 935 947 952 967 998
770
16 26 32 38 48 94 104 124 150 163 177 192 193 194 221 241 248 266 274 275 280 295 301 311 313 315 324 372 393 400 425 470 485 502 507 516 539 551 590 602 611 635 656 668 697 701 705 731 788 805 838 841 865 892 894 898 905 921 943 946 950 992 995
850
100 112 113 117 126 136 143 147 150 162 168 175 200 222 234 237 238 257 258 266 274 291 301 324 364 376 381 385 420 428 433 439 470 488 502 504 515 539 542 556 582 593 602 633 657 666 710 725 727 741 749 768 769 805 806 839 848 872 906 907 930 931 941 952 954 962 987 988
680
296 559 681 990
95
31 34 58 88 123 158 324 354 428 436 513 556 609 613 641 710 723 753 771 785 807 839 850 915 934 958
2
77 121 154 259 282 437 562 688 724
52
1 16 21 27 33 78 141 157 196 241 255 279 290 342 354 395 412 414 444 463 479 505 514 516 521 582 683 693 694 717 724 782 786 827 882 894 941 961 976 984
305
39 146 155 367 450 496 512 617 643 644 645 701 707 712 740 760 823 869 896 977 990 996
696
12 28 94 100 145 286 289 365 511 553 581 612 626 648 650 655 665 696 712 734 737 743 777 820 824 826 850 851 899 907 923
60
6 11 80 86 105 154 185 220 266 319 354 359 360 368 417 443 463 469 498 533 593 606 744 770 773 825 834 853 885 900 931 936 986
68
3 17 33 39 44 59 60 68 85 100 136 151 171 194 226 227 233 234 252 293 296 305 346 354 422 495 508 516 527 534 552 556 605 613 634 661 687 694 717 728 739 754 769 774 800 803 855 869 874 899 923 924 931 938 951 992
501
8 45 57 98 115 133 155 158 168 170 211 214 217 243 248 251 275 280 285 319 323 334 337 349 361 365 391 413 422 430 474 507 516 517 531 591 603 673 682 687 701 709 711 776 788 794 828 848 856 862 863 886 889 926 937 964 971 999
578
8 32 33 48 61 80 86 129 147 148 207 219 240 278 300 304 307 335 343 345 356 369 380 385 393 438 441 470 496 498 517 519 523 529 533 572 595 632 650 651 654 671 674 691 728 729 773 803 828 841 872 878 920 945 980
66
65 188 525 551 566 584 602 677 742 762 781
437
19 21 37 47 53 54 71 139 143 153 196 207 208 238 241 245 252 266 272 273 296 312 324 364 388 456 469 473 479 494 550 566 597 654 655 673 701 724 751 801 831 847 862 881 888 911 945 965 973 988 994 997
639
537
159
3 10 27 47 53 57 66 79 86 111 115 140 148 166 183 199 206 212 214 285 306 324 335 351 368 371 381 391 395 416 435 457 537 538 565 610 616 639 650 669 674 698 738 764 771 794 800 801 803 809 819 823 866 885 912 933 938 994 999
598
152 154 161 182 187 193 204 210 223 261 267 273 301 347 350 401 438 455 469 508 542 551 584 611 615 618 632 644 655 690 709 721 760 821 831 857 864 881 889 900 922 972 982 992
776
2 6 11 17 51 69 72 87 93 97 125 137 139 179 200 206 208 210 213 218 220 233 281 322 325 334 348 361 389 416 472 479 505 523 554 579 597 600 619 629 652 659 661 711 721 748 762 842 851 884 886 901 917 944 952 977
130
6 11 12 55 86 87 99 100 105 107 130 145 149 160 170 193 209 236 247 248 263 265 291 300 328 346 352 431 458 463 498 501 502 528 535 571 575 635 643 657 658 659 674 680 699 726 728 732 757 786 792 810 820 846 873 887 895 924 931 947 956 971 995
681
31 39 128 143 159 181 196 200 204 215 225 254 259 271 276 277 298 301 322 324 332 339 358 372 435 466 468 477 479 481 486 489 494 503 532 535 538 569 601 670 686 695 701 702 735 752 755 791 800 823 855 857 863 867 876 877 880 920 923 955 956
105
1 5 18 33 36 37 40 86 88 93 102 113 134 176 189 203 209 254 270 298 315 317 364 390 394 397 413 422 460 484 522 523 528 535 555 643 669 696 699 729 755 757 767 775 787 788 817 819 914 918 939 966 987 990
226
31 56 83 87 92 149 176 201 203 218 260 279 288 293 306 322 342 361 362 373 379 383 391 415 446 475 519 525 530 538 541 550 566 570 571 575 593 621 639 661 677 686 697 709 715 724 772 793 816 817 867 893 927 942 984 988
430
333 582 861 971 997
786
15 81 91 98 134 171 176 189 197 222 276 295 324 351 404 426 434 449 457 458 485 515 517 531 547 596 613 650 656 678 705 717 731 732 783 854 944 949 977 992
495
1 30 40 44 52 68 101 106 110 112 125 128 133 153 183 186 235 238 243 248 260 266 289 306 313 329 330 336 371 398 403 407 409 438 457 460 479 487 497 515 519 533 536 542 550 570 586 604 605 616 617 618 685 712 721 728 738 748 768 801 817 857 858 871 874 883 892 897 980 984
325
34 96 104 116 145 200 292 332 336 366 386 415 426 436 494 502 521 568 577 680 734 735 739 773 828 881 988 991
282
46 89 95 124 139 145 165 172 185 186 191 195 210 224 225 246 317 332 346 364 402 427 444 482 499 510 536 542 544 566 602 615 630 642 644 704 723 724 725 752 770 798 814 829 839 840 869 883 968 984
641
12 32 45 57 68 93 103 122 142 165 213 296 354 385 389 420 422 426 429 442 451 463 470 537 549 558 567 591 626 641 648 682 693 696 708 749 768 778 794 831 856 867 876 877 919 921 960 986
445
73 84 207 222 423 534 654 809 895 991
38
9 10 21 82 112 153 204 267 271 302 307 318 817 847 907 920 923 940
335
22 123 134 156 157 163 168 175 181 193 221 231 232 287 310 320 336 352 373 374 376 423 449 451 465 470 480 486 513 544 551 556 569 583 596 604 605 615 629 630 641 645 654 662 666 677 685 713 716 720 733 742 744 779 818 832 851 867 870 879 898 929 945 972 981 992 995
773
94 132 401 792
693
59 71 126 142 162 168 171 212 218 250 306 330 428 468 474 475 504 587 608 642 661 703 770 800 840 989
243
9 349 507 515 555 613
117
3 38 64 66 194 197 254 390 408 452 526 533 654 661 745 763 910
794
22 33 34 67 85 91 171 175 176 179 200 203 209 220 226 228 251 256 265 284 287 289 291 322 329 332 338 379 398 402 424 449 453 484 545 553 569 571 572 590 592 607 611 621 629 645 658 679 687 713 735 746 755 776 782 800 817 818 820 844 868 897 898 911 972 989
413
7 23 40 41 49 53 63 70 76 80 83 91 93 114 117 130 134 137 146 150 154 180 203 209 269 274 280 287 302 324 337 342 343 351 360 365 366 367 376 395 406 422 437 438 440 454 479 527 554 558 569 580 588 616 621 704 721 752 768 772 795 798 813 848 854 859 888 891 919 920 956 967 982
261
33 59 65 67 73 96 102 114 127 129 166 170 175 199 221 223 224 233 246 250 284 293 316 318 355 356 367 385 386 402 404 412 457 468 472 476 483 484 498 528 545 554 583 590 605 615 622 627 654 656 685 695 705 740 748 765 774 792 798 800 815 846 857 861 862 901 929 941 949 955 957 965 970 986 998
688
5 29 31 47 56 87 104 108 113 139 166 177 202 226 239 259 270 285 290 309 316 336 350 360 363 378 394 397 404 421 429 431 456 484 495 536 551 555 556 571 577 582 601 602 611 637 645 647 690 741 746 748 749 756 760 765 774 775 781 793 852 914 947 957 968
768
41 93 118 473 772 776 860
983
14 15 54 83 105 122 127 131 133 240 278 304 337 371 384 438 453 454 585 604 608 653 674 679 702 739 777 850 857 878 881 884 929 944 971 993
90
277 683
159
37 39 51 64 86 88 95 150 164 178 180 196 223 250 298 309 312 357 390 392 439 444 456 463 497 542 544 554 558 577 613 648 688 698 728 770 776 800 818 819 824 825 834 835 846 874 880 916 921 958 980 999
962
14 34 38 42 46 47 55 81 83 100 132 137 152 157 168 174 189 217 218 237 249 259 270 280 285 323 340 415 424 430 438 440 446 466 481 498 499 515 523 529 563 596 616 630 631 635 653 678 717 746 748 773 775 785 786 810 826 830 848 887 902 923 926 929 950 966 969
392
41 43 51 64 92 99 109 127 175 207 208 216 223 232 272 312 419 427 533 544 570 592 663 667 700 726 777 830 835 906 936
95
21 25 79 93 156 197 202 214 215 261 279 293 357 363 366 411 437 455 463 465 507 518 557 573 603 642 647 651 662 674 700 740 748 781 792 810 815 817 826 837 867 873 876 897 902 933 949 951 963 972 990
114
378
377
12 20 24 55 107 129 140 143 153 161 167 168 191 193 237 260 344 346 371 394 395 428 441 461 487 499 513 600 628 646 671 685 695 701 742 748 756 775 812 838 878 908 945 996
523
45 84 179 234 268 289 295 298 305 361 380 389 422 466 472 572 687 739 785 838 842 924 935
50
10 18 79 130 190 287 306 313 356 411 473 533 543 578 582 618 662 699 789 822 852 915
24
339 790 821
926
12 45 56 59 81 88 149 156 160 186 189 191 246 248 250 253 260 265 296 301 308 314 324 333 380 383 407 429 435 458 464 500 501 525 541 542 547 591 638 663 680 687 699 706 718 723 727 738 748 779 798 805 809 814 833 841 854 861 873 973 977 978 980
477
887
211
12 13 20 21 39 82 88 108 122 142 184 193 223 293 373 398 408 414 474 486 530 534 535 562 590 611 643 671 681 716 735 834 835 851 853 869 910 933 934 956 958 983 985 993
501
16 459 733 852
933
49 626
528
44 77 94 132 186 205 229 240 254 271 282 308 346 365 369 378 420 423 475 482 562 568 579 628 655 782 786 815 828 868 871 878 888 939 985
916
15 44 90 182 187 194 242 344 446 499 517 557 651 663 695 700 858 945 947 963 966
867
7 62 80 81 85 134 138 163 165 168 177 181 186 192 195 202 203 210 225 235 250 270 273 318 330 346 376 389 411 432 473 501 541 550 569 570 590 597 604 641 662 666 708 725 735 752 754 761 765 769 777 816 823 827 838 877 915 935 943 957 978 994
732
1 62 95 166 196 213 259 512 531 682 761 877 990
207
10 28 36 55 58 75 76 91 107 121 134 141 160 178 183 199 218 232 253 275 286 311 350 372 375 385 386 404 412 452 460 492 493 497 500 505 511 519 566 613 619 621 622 625 652 655 660 672 680 704 738 789 799 832 838 862 884 904 918 951 953 969 989
674
163 299 379 423 974
893
65 94 165 204 205 210 234 249 255 256 280 285 290 325 372 399 431 434 441 478 482 516 551 556 559 604 613 658 693 698 728 731 755 773 794 798 846 856 868 903 926 961 963
776
15 48 84 111 134 225 227 239 275 299 325 332 349 359 380 445 512 532 552 596 621 625 633 662 703 752 759 764 774 818 863 868
769
1 158 175 213 265 266 270 279 370 374 396 489 537 667 785 794 872
5
32 83 95 96 109 110 113 120 129 144 146 147 153 161 191 206 216 252 280 289 299 305 357 361 378 380 401 404 424 438 447 456 478 509 514 531 538 541 542 553 557 585 586 604 616 637 638 653 682 685 690 694 705 723 735 748 757 795 797 824 832 858 897 899 900 906 923 924 954 963 976
132
1 9 19 23 25 38 48 50 52 77 105 111 114 146 157 267 300 315 347 370 394 397 400 404 447 448 470 486 518 530 551 563 564 565 569 571 574 580 597 598 612 627 644 685 689 735 771 793 807 837 841 842 893 898 904 918 920 954 961 974
540
3 100 117 153 154 226 245 433 459 498 508 524 632 652 665 685 706 790 792 853 992
273
10 46 131 216 221 236 253 259 261 262 274 285 289 313 325 361 367 392 436 449 454 476 481 484 496 536 617 621 622 650 663 668 697 701 716 717 738 739 776 781 800 814 843 855 889 898 914 950 954 958 966 985 995
51
68 78 86 88 92 96 101 103 128 156 184 186 189 190 193 211 219 233 235 249 251 259 275 283 292 312 330 366 368 373 381 474 478 483 491 496 552 553 560 573 583 586 588 590 604 609 618 620 626 672 690 692 701 705 712 717 718 726 734 738 754 761 767 789 795 814 832 844 867 892 893 901 939 989 993
599
6 12 25 26 72 76 81 87 156 205 216 229 238 270 280 304 320 379 407 437 449 468 469 513 557 580 615 646 753 817 857 878 883 890 907 957 964 967
784
2 69 172 413 417 459 526 550 564 572 596 603 626 811 863 889 901
982
9 33 78 139 141 157 167 198 204 229 257 291 293 316 342 366 370 413 426 434 437 438 439 466 489 511 515 519 561 565 586 597 606 626 632 664 675 679 693 730 731 741 765 770 822 853 857 870 878 891 923 940 944
398
13 104 137 231 312 314 387 460 473 516 565 772 850
304
4 38 64 72 76 80 93 114 128 171 179 181 189 201 221 248 260 283 287 299 306 310 337 349 355 368 384 388 428 438 449 453 461 462 465 479 486 501 511 520 547 566 606 608 625 655 664 678 693 700 717 721 734 737 763 773 784 790 812 860 862 893 918 932 940 943 976
730
47 89 96 135 137 210 315 392 443 551 575 604 607 716 792 817 968
13
5 15 103 135 137 149 156 176 223 240 256 268 294 361 389 392 500 519 520 582 588 640 661 718 735 739 801 819 880 886 905 944
659
4 14 29 48 64 138 220 335 340 343 347 364 373 420 461 484 500 523 529 543 572 593 661 685 705 721 729 732 736 744 780 789 811 848 878 889 956 990
300
25 50 55 59 63 68 93 97 100 107 114 130 174 188 195 211 228 283 286 289 306 314 334 344 345 394 417 418 429 433 445 481 496 544 551 562 570 581 585 597 602 619 638 655 656 664 671 732 741 765 766 776 827 861 867 868 901 902 933 955 962 999
689
914
641
10 12 117 133 135 140 151 158 181 195 197 240 249 270 282 330 342 351 360 420 441 452 489 500 507 509 510 516 518 523 526 534 541 554 577 592 593 609 692 713 727 733 737 745 760 764 772 777 834 845 851 860 868 875 903 919 930 974 983
403
25 76 145 242 283 350 354 386 461 465 515 529 576 586 665 798 805 813 850 948 989 997
386
16 19 23 47 89 90 92 136 137 151 152 190 217 224 233 236 250 254 285 318 332 339 344 353 359 389 423 457 472 475 478 479 509 528 545 559 567 575 587 616 627 631 639 664 683 703 733 738 754 764 767 816 830 841 849 853 860 882 929 933 943 965 971
201
10 13 17 18 22 24 36 43 54 69 86 91 113 143 151 153 177 179 214 222 246 264 289 304 308 309 339 348 357 375 376 390 392 414 432 445 448 452 470 475 535 538 551 552 566 591 608 615 637 640 641 643 649 684 724 730 741 746 757 769 770 797 802 818 844 853 854 861 902 904 943 964
166
32 58 60 73 77 83 87 94 97 160 168 169 174 191 199 204 207 221 233 311 320 321 332 347 361 362 371 379 393 413 466 467 476 486 514 550 570 598 612 622 639 644 648 651 675 704 712 721 722 724 756 769 820 826 830 846 851 857 859 876 877 894 907 928 950 972 981 991
512
28 32 51 73 75 96 101 121 130 132 153 182 188 206 216 227 235 237 242 252 257 262 298 303 347 352 367 368 394 422 424 438 448 464 509 520 525 529 536 570 576 582 590 599 600 609 641 644 677 696 697 705 707 725 731 739 744 747 775 812 813 819 822 827 832 833 849 865 872 916 924 928 930 964 990 993 998
994
8 11 50 59 77 81 102 106 116 134 138 139 148 151 156 164 166 199 215 224 265 282 295 296 303 313 315 330 343 350 366 414 422 427 442 444 464 477 492 494 548 551 552 564 575 614 628 637 645 650 658 665 673 688 695 696 709 778 781 840 854 855 856 863 900 928 960 967 974 981 990
95
30 94 149 242 398 773 872
669
333 455 561 808 843 865 868 922
827
87 235 315 409 464 558 596 654 709 745 749 870
779
7 11 12 13 24 66 71 79 86 87 92 95 104 140 153 179 195 219 225 234 241 245 247 260 264 306 314 338 343 352 355 381 424 437 446 447 450 490 491 510 513 516 520 529 550 572 592 593 642 643 661 674 703 789 799 818 819 824 840 846 857 860 863 906 914 921 934 939 972 993
616
2 8 65 88 111 113 132 153 156 171 174 209 223 226 231 251 263 305 331 373 385 395 404 417 439 468 487 501 510 524 530 581 586 587 600 604 709 720 727 738 768 809 825 837 862 865 871 882 887 892 917 950 960 989
458
47 59 83 115 130 133 168 254 257 293 306 344 357 368 428 430 445 465 480 543 554 559 577 590 637 642 651 703 710 716 734 752 771 778 791 839 913 924 940
133
37 40 50 71 83 91 129 140 143 161 164 175 206 245 259 262 274 285 288 292 293 331 338 346 349 354 386 392 397 413 421 429 491 532 537 538 539 569 576 598 609 618 621 640 653 657 661 672 674 681 711 718 726 743 744 746 769 781 795 804 820 827 844 850 884 890 895 937 939 941 951 962 975 980 993 994
567
90 128 129 190 247 259 341 348 367 387 434 495 533 552 564 573 607 632 691 730 746 750 800 802 857 883 903 930
417
71 104 128 146 156 162 245 269 277 317 329 364 366 447 455 470 481 486 546 549 552 560 588 625 654 685 739 748 780 821 900 976
748
80 104 144 153 154 315 320 333 348 394 395 454 483 587 683 703 774 824 834 854 946 969 991
273
63 107 327 345 470 497 561 610 622 845 883 941
324
1 18 26 79 106 108 121 126 146 256 272 273 291 333 401 412 413 450 455 456 467 491 512 537 546 604 606 632 654 675 748 756 797 819 826 833 972 982
33
1 8 44 48 62 126 169 170 178 180 189 200 215 220 223 226 240 257 306 317 322 343 377 395 415 419 456 468 471 475 486 496 503 528 530 545 562 566 568 573 580 593 622 628 654 655 672 703 710 715 720 741 752 805 825 834 853 856 926 953 973 998
953
36 97 107 126 162 246 258 294 330 334 412 414 423 424 455 572 589 616 630 673 689 745 760 768 828 860 867 903 941 943 950 971 972 985
427
14 31 40 42 61 84 100 139 153 168 196 204 209 211 275 292 308 353 363 404 428 429 430 438 441 471 479 512 513 537 556 569 585 600 612 629 631 636 641 676 683 713 727 735 738 740 746 797 813 816 818 857 862 876 893 894 906 922 937 943 946 952 953 971 975 982
650
5 11 31 67 109 111 131 132 161 177 180 195 207 252 274 301 358 393 399 410 414 429 432 451 456 529 536 538 654 673 682 708 716 743 745 749 752 760 768 784 818 820 821 834 862 907 913 952 956 991 992 996
751
72 85 128 169 174 195 532 540 601 624 632 636 862 871 886 922
968
4 27 39 80 82 105 120 134 186 190 195 201 216 226 234 237 239 263 267 283 290 298 336 341 360 376 377 405 433 437 440 442 510 515 546 556 557 561 572 573 599 609 610 612 614 632 645 670 684 691 693 694 696 699 725 743 747 749 757 762 776 784 803 811 820 857 885 900 904 917 918 919 982
309
5 10 43 47 59 74 126 148 205 245 250 285 340 351 384 391 421 443 509 538 554 556 559 580 664 674 677 692 696 739 744 768 773 775 782 808 820 848 856 873 879 903 937 939
909
3 25 55 74 82 125 133 148 185 203 213 252 258 260 262 264 287 301 310 313 335 360 363 376 380 384 386 402 430 454 475 535 540 582 602 611 648 657 662 694 730 735 736 738 744 758 774 781 788 795 797 799 803 838 842 847 851 853 861 894 916 946 954 990
593
117 166 245 251 272 273 280 540 565 622 625 634 636 695 793
643
12 31 43 50 53 59 73 89 101 133 155 159 180 187 190 200 214 216 221 231 236 247 259 272 288 301 313 342 383 420 423 446 463 470 485 495 502 505 531 543 560 573 587 589 608 611 617 626 690 694 696 711 726 734 764 766 784 851 872 893 907 969 971 978
915
10 12 20 25 29 33 38 73 77 99 109 113 120 126 131 141 164 169 197 223 251 252 259 272 280 306 326 334 368 422 463 478 505 520 546 547 551 553 590 606 607 641 653 655 664 709 733 740 742 752 789 838 839 853 854 861 878 889 916 931
993
7 53 82 84 98 130 152 192 194 213 321 334 341 353 355 382 404 405 419 421 422 442 452 459 478 481 484 498 506 528 557 574 585 615 619 620 628 632 640 654 667 719 731 738 742 743 758 760 781 793 807 829 843 847 859 925 936 940 945 957 962 973 974 992
553
34 101 116 147 252 259 278 435 457 544 548 553 595 651 699 731 744 765 798 839 920 932 983
55
70 77 282 298 330 420 437 514 604 617 618 764 815 821 963
941
7 13 66 90 110 111 122 142 152 190 196 212 213 215 237 255 266 282 286 288 304 352 357 369 374 402 422 448 449 469 473 477 478 485 569 629 630 648 659 664 685 692 694 698 712 715 716 722 761 782 812 814 821 836 849 864 888 897 899 920 940 956 960 970 975 981 985 988 993 996
719
35 47 62 95 97 212 289 373 400 446 517 556 694 795 812 831 905 913 941 952 990
241
18 161 241 270 294 306 351 412 503 536 750 870 895 989 992 996
234
387 447 626 649 735 931
1
1 64 86 122 141 147 165 252 274 278 280 288 295 324 326 337 389 393 407 424 436 442 446 449 452 454 507 517 528 543 566 614 681 682 710 713 726 771 772 783 789 791 799 800 801 806 808 818 821 824 841 850 866 873 879 925 949 965
522
40 61 72 93 105 118 125 126 128 132 138 144 146 159 166 185 213 214 230 243 283 293 308 351 385 407 413 417 451 454 471 472 478 486 507 516 522 526 562 577 590 591 608 611 617 626 637 638 647 695 702 708 730 733 758 765 777 781 782 793 796 803 808 855 857 939 950 964 967 972 982 987
359
39 70 93 104 111 186 188 216 236 262 296 313 365 409 439 441 447 481 570 620 664 728 741 816 838 993
828
98
130
58 79 81 82 89 101 110 175 179 229 266 283 312 315 354 360 517 578 628 636 672 683 698 707 749 764 781 783 787 794 847 866 889 892 933 938 947 991
572
3 20 43 51 57 59 63 82 100 105 115 138 151 156 171 174 179 200 210 217 220 222 234 253 263 267 275 311 312 329 354 403 411 423 437 438 451 468 470 482 507 510 548 565 590 602 606 646 654 655 697 708 719 737 778 816 837 842 846 849 855 858 907 909 917 931 933 997
50
16 26 34 37 53 91 116 128 187 200 321 360 426 456 581 781 786 804 829 832 958
728
57 197 406 441 448 462 475 483 517 531 569 621 678 831 836 900 941 974
176
5 12 44 46 50 73 74 84 97 127 129 144 155 231 249 250 251 261 270 308 329 335 355 357 363 370 379 397 453 458 465 470 498 501 503 513 553 605 611 627 666 701 714 727 731 750 754 756 767 774 784 800 868 871 873 887 892 902 912 916 941 994 995 996
580
200 485 723
992
14 22 58 65 78 97 98 130 140 167 169 215 225 227 248 255 291 318 321 340 342 352 367 373 402 417 447 467 471 482 483 524 529 596 598 622 632 637 641 644 687 695 696 707 739 767 774 817 846 861 894 935 937 964 971
652
2 72 137 141 187 198 214 234 238 253 269 319 326 327 359 375 388 486 487 584 587 606 615 627 631 633 655 657 667 683 696 709 725 744 765 771 790 849 866 887 920 959 966 998
783
13 22 41 55 67 68 91 96 112 114 116 122 132 138 149 166 194 197 200 205 208 214 228 231 240 275 330 347 371 380 384 392 394 406 422 428 432 437 442 457 466 535 550 594 598 615 620 666 688 698 700 730 741 745 770 795 804 828 831 839 857 889 893 905 935 951 961 966 970 987 990
479
33 38 69 74 78 188 206 233 244 257 299 310 318 327 346 367 410 433 440 470 472 487 513 519 530 559 598 619 623 661 671 672 683 777 780 824 831 857 862 869 882 892 939 952 991
249
3 33 37 65 97 191 295 351 379 389 420 439 461 471 538 586 650 666 799 825 855 881 884
23
35 61 154 194 229 274 281 320 344 393 401 438 454 462 544 633 663 691 728 735 737 738 745 849 860 873 914 927 939
731
205 245 349 488 514 570 586 619 625 662 770 772 787 790 895 965 989 995
18
6 91 119 126 151 226 315 373 381 402 408 419 480 499 631 640 646 667 674 685 713 760 835 901 969 973 975
558
58 59 78 79 97 117 123 138 144 146 147 149 167 185 196 210 225 243 264 279 280 287 316 321 341 354 383 396 401 402 417 423 445 464 497 498 530 541 563 589 594 613 630 649 659 666 670 673 677 679 696 708 725 755 757 758 785 814 818 823 826 828 860 863 886 893 914 936 944 954 972 988 991
240
8 13 23 25 26 48 71 84 105 131 185 195 259 281 306 309 374 388 396 407 421 465 483 485 486 497 511 553 581 584 609 614 624 630 640 643 653 663 666 672 673 699 708 747 750 756 775 776 782 806 828 847 854 868 876 933 958 996
551
8 22 23 36 47 48 74 83 117 133 144 246 261 270 290 298 309 311 319 341 364 380 396 401 404 413 421 437 443 475 477 483 491 496 512 515 523 539 569 576 593 616 622 626 631 652 669 670 675 679 690 700 732 743 783 791 829 835 836 844 868 876 877 893 899 910 912 917 932 938 984 989
719
139 175 188 256 337 372 389 603 660 663 820 868 870 982
326
115 131 588 690 764
783
62 75 88 111 115 128 130 145 151 156 169 174 178 180 214 244 265 269 270 283 303 312 393 396 409 425 427 428 467 501 507 517 521 529 533 534 567 585 586 594 608 618 686 699 723 725 734 746 759 793 795 804 850 873 904 907 936 939 960 982 983
407
5 11 12 43 67 70 101 119 172 176 212 227 267 280 297 311 352 353 359 362 371 395 398 407 420 429 437 438 441 448 449 472 484 497 534 548 549 585 588 590 616 631 635 645 662 665 667 687 727 732 752 772 783 801 806 811 816 821 841 867 870 875 894 913 920 943 946 948 953 979 983
382
6 9 11 36 64 102 107 122 126 154 163 263 266 280 284 285 295 330 339 355 379 389 396 418 426 430 436 439 460 462 473 480 521 529 544 556 561 569 597 613 614 641 685 733 740 747 778 780 785 789 794 799 814 823 837 839 853 869 914 960 977 979 993
668
47 57 110 117 171 210 255 261 277 298 311 382 395 414 484 554 621 636 692 726 731 835 892 935 976
958
20 50 78 91 103 108 174 176 184 193 222 235 262 372 415 416 418 443 458 492 500 517 624 626 638 647 676 681 702 729 736 740 752 771 811 825 831 839 853 857 883 927 933 985
108
8 15 172 177 210 224 278 321 355 418 544 572 753 927
105
3 27 32 62 88 107 122 177 179 191 235 241 244 272 282 293 334 346 353 374 379 392 400 409 450 474 525 552 559 562 601 625 634 638 704 718 728 729 813 816 838 844 845 864 870 884 889 890 907 925 928 966 986
506
66 92 108 128 131 145 177 183 215 221 257 262 274 285 290 376 405 409 502 518 559 625 646 676 692 701 704 708 721 753 791 882 918 926 952
219
20 68 96 97 104 126 145 171 179 227 255 262 377 393 428 457 474 477 485 498 571 595 624 631 669 688 700 716 718 722 738 753 796 802 823 832 869 934 957 971 982 997
231
23 74 112 126 193 217 245 251 253 254 270 290 293 297 361 368 386 401 406 480 481 519 531 559 638 664 696 757 938 957 982
406
7 24 34 40 41 53 106 115 116 117 133 134 137 154 202 213 226 231 241 246 251 274 309 313 364 379 397 412 415 418 419 421 426 480 490 507 508 509 515 519 520 522 555 569 570 584 586 608 634 651 699 710 713 735 756 766 778 793 796 845 896 899 905 927 945 961 968 971
443
1 5 10 35 37 55 56 81 86 120 122 142 198 208 227 265 324 343 351 354 355 403 414 472 474 512 555 559 589 604 619 621 630 657 671 680 705 733 768 775 809 854 869 897 906 922 930 942 965
116
3 24 37 65 155 177 216 245 265 345 399 420 484 494 503 518 587 627 648 669 673 681 692 713 719 728 746 771 820 825 933 960 962 966 987 991
923
15 33 52 61 90 137 140 171 270 276 296 327 499 500 618 699 727 732 741 841 864 908 982
681
53 58 64 74 93 96 110 166 217 228 283 348 451 468 528 559 588 597 628 688 690 712 736 753 810 884 933
979
2 4 32 43 45 105 149 158 163 186 205 245 268 301 314 324 369 385 397 419 427 465 475 477 484 488 500 502 522 529 547 620 628 640 683 695 696 782 784 821 826 831 832 846 854 881 885 895 904 909 925 955 988
522
299
774
46 63 77 101 158 195 212 283 311 312 315 320 374 382 469 504 524 541 548 556 558 562 577 585 591 609 616 641 642 716 754 793 815 845 861 904 912 997
191
44 58 126 146 234 247 335 378 395 402 425 437 459 533 549 570 596 665 694 706 771 806 815 822 838 851 956 976 999
654
49 66 78 89 148 153 157 166 251 348 360 362 393 399 407 434 450 467 517 543 547 559 560 574 629 695 707 709 735 747 763 775 795 820 856 904 917 973 992
860
4 33 35 146 148 152 307 330 368 392 424 474 476 530 550 607 612 639 649 700 706 728 739 811 817 848 869 915 934
846
9 10 38 43 64 75 79 91 115 132 145 157 173 186 208 212 230 239 242 246 248 285 299 303 314 391 410 412 436 464 469 479 496 518 522 528 569 573 587 588 599 604 636 667 675 682 687 693 705 709 713 720 725 740 799 806 822 828 846 853 875 913 943 957 983 994 998
430
26 95 100 129 150 178 212 242 297 306 313 325 345 360 392 398 408 411 412 416 421 437 448 454 462 465 483 527 602 604 639 653 664 673 677 682 708 710 733 737 762 782 796 866 867 870 883 888 907 924 943 948 966
182
21 142 174 180 227 287 292 298 305 332 491 505 509 519 555 607 611 650 789 803 821 839 948
967
23 62 222 236 387 520 846 930 933
802
17 123 416 607 790 793 953
788
37 41 156 203 242 260 264 372 399 408 427 477 548 596 708 734 740 755 760 783 794 803 806 827 841 849 868 900 911 923 974
541
20 24 31 40 60 73 82 102 109 124 174 185 205 240 244 252 258 263 292 297 314 320 376 382 397 409 414 423 441 472 473 478 493 499 503 548 559 570 572 610 621 631 654 676 700 710 733 738 746 788 789 806 810 815 832 851 853 898 904 913 924 942 944 946 948 950 963 981 986
843
6 12 17 26 44 50 87 100 109 155 176 223 247 251 256 265 307 329 342 345 419 421 428 429 441 495 497 564 571 575 586 615 620 621 636 665 667 692 698 710 727 733 754 764 784 824 846 862 871 884 886 901 934 942 979
480
17 33 54 66 75 83 85 96 106 109 115 117 242 264 288 295 329 336 338 341 347 351 384 385 396 416 432 438 467 474 512 524 535 562 589 595 601 605 618 627 632 643 668 680 698 710 749 780 788 790 811 835 845 861 863 866 891 911 917 958 982
609
37 99 113 119 135 168 171 193 231 232 256 275 283 291 311 313 316 323 336 347 352 378 400 407 410 422 469 493 510 589 605 636 645 648 665 683 711 748 767 775 801 806 830 856 872 888 925 928 985 988
374
19 24 70 77 83 96 104 111 142 167 169 200 202 230 245 283 310 319 360 401 457 462 467 479 501 505 522 537 538 557 631 679 680 681 706 798 830 855 868 871 933 957 998
755
39 42 63 121 205 221 306 394 464 471 511 537 539 581 583 686 707 729 738 743 789 797 847 901 917 963 966 979 985 988 992
706
28 56 80 83 87 126 146 154 157 170 226 234 247 248 253 272 287 346 358 367 384 400 415 477 483 489 491 553 559 569 572 576 596 615 622 624 625 647 667 673 674 675 682 701 716 727 767 768 781 784 814 815 828 834 848 852 857 865 870 881 902 906 911 913 921 926 929 940 953 986 991
806
29 76 110 111 117 141 202 241 276 281 339 370 385 564 592 603 612 620 702 718 724 782 791 798 913 929 935 936
565
12 14 29 106 202 219 262 264 355 383 385 432 434 439 505 539 550 571 581 595 602 642 706 747 753 761 766 788 799 888 901 929 974 985
34
4 40 145 169 170 176 217 220 224 230 237 238 243 245 290 365 374 408 443 451 461 477 479 484 493 549 553 573 609 632 651 654 659 700 702 733 753 762 763 787 797 830 857 933 937 951 953 975 984 994
245
22 340 455 576 615 791 914 937 953
825
10 52 94 155 158 165 173 177 204 210 242 285 311 328 339 342 360 409 481 485 490 540 542 570 571 611 616 619 649 656 674 688 726 727 752 766 775 819 831 855 856 890 909 916 917 932 950 977
836
33 34 72 117 326 331 357 364 473 570 611 683 708 709 869 883 945 994
974
6 13 22 33 39 47 49 52 61 87 89 133 137 138 162 173 182 191 204 225 252 256 292 296 306 308 347 392 410 449 465 472 498 532 534 552 567 569 571 597 612 616 629 631 652 654 658 659 667 671 680 681 730 737 795 799 829 844 851 857 864 871 892 917 918 925 928 939 965 979 987
312
4 29 41 66 70 76 123 134 172 191 198 241 307 326 340 347 382 400 401 424 432 446 481 493 518 520 523 534 553 558 568 613 674 682 687 709 711 716 721 751 777 779 790 800 861 920 939 945 950 975 981
375
166 174 178 206 226 330 332 415 438 470 527 564 701 711 751 769 773 820 869 940
464
370 434 569 619 817 956
554
68 121 137 727 735 761 847 854 920 972
350
146 261 294 708 997
496
15 21 42 73 115 126 136 273 292 312 327 415 428 461 465 477 510 511 555 639 757 779 794 839 862 922 958 971 980 987 997
659
1 10 16 25 33 35 46 48 85 93 98 103 104 106 187 199 202 216 220 270 276 280 304 320 336 343 354 368 375 401 410 411 420 425 429 433 434 438 456 466 480 487 488 495 497 498 500 517 548 569 573 586 599 605 619 677 721 727 753 778 811 852 894 899 912 944 948 954 957 960 961 963 970 973 998
85
19 47 48 49 54 56 118 133 196 201 203 226 248 266 287 327 335 346 364 398 440 468 497 502 513 602 612 633 637 645 653 660 669 697 753 757 780 812 844 853 901 911 938 941 951 954 963
321
26 29 36 38 45 87 101 104 126 130 270 278 279 320 322 364 401 408 418 425 463 522 530 547 557 560 564 622 640 644 650 668 692 697 709 726 729 757 799 875 917 919 940
217
35 52 53 59 95 106 149 211 221 249 251 257 346 481 709 748 832 878
993
8 139 450 518
456
3 171 310 388 439 542 551 602 665 676
182
27 28 53 76 105 130 174 242 325 331 398 408 437 442 443 488 529 532 535 539 560 591 619 655 677 682 702 704 719 756 785 816 818 855 857 869 924 953 955 993
512
28 57 73 100 112 201 203 267 316 355 356 362 382 408 454 515 518 542 571 574 625 634 654 682 683 698 713 723 726 744 789 796 804 820 830 953 998
661
112 114 167 199 229 259 319 353 415 581 746 990
836
27 44 45 47 58 72 73 111 261 271 305 351 395 399 419 477 516 535 580 591 621 702 838 863 887 966 990
659
11 25 95 122 153 276 278 284 286 290 325 342 486 487 533 548 598 752 776 815 828 834 922 927 974 978
743
16 24 64 74 85 122 123 126 167 176 203 209 286 360 361 383 400 416 436 460 497 499 541 557 574 610 614 675 687 699 707 804 823 837 844 916 939 942 963 968 977
847
608 952
113
112 169 189 238 512 530 561 634 686 764
539
42 83 110 113 136 171 178 180 207 223 228 238 244 257 260 262 314 317 334 341 345 353 369 406 442 447 477 502 530 553 567 662 685 694 698 702 705 708 733 734 748 753 778 799 800 804 822 854 864 884 893 919 921 933 964 970 976 985
762
58 150 168 217 236 239 257 417 437 466 496 506 558 567 588 603 630 647 659 669 710 735 777 819 820 865 930 939
195
3 28 157 158 287 518 562 747 808 858 865 994 997
766
91 253 328 392 460 470 957 970
273
20 43 61 62 84 89 113 120 183 236 261 282 286 294 295 303 308 317 335 349 357 395 408 425 437 455 466 488 510 513 518 525 530 535 537 564 611 612 627 652 662 663 668 676 688 719 758 774 812 826 833 845 850 861 881 882 885 886 907 914 919 925 926 935 988
517
33 37 107 110 117 155 160 190 194 227 239 248 249 265 294 309 346 350 355 363 376 384 409 440 461 465 477 493 498 499 500 509 512 520 576 595 615 620 632 654 660 664 696 700 709 723 737 747 756 761 774 778 790 796 811 816 836 876 883 901 902 954 965 970 974 976 993
578
2 8 15 42 69 92 93 106 190 206 219 220 251 281 291 313 323 330 337 361 375 384 412 417 430 452 468 474 476 482 487 503 518 535 559 606 615 632 650 655 659 668 692 699 705 717 766 778 782 801 808 842 878 903 922 941
964
50 151 248 284 334 464 512 518 608 676 700 727 749 758 764 838 877 925 936 939 950
156
23 45 50 77 116 159 171 175 227 231 273 283 293 400 416 424 470 475 488 518 534 574 579 580 590 596 648 696 708 722 736 741 768 770 800 827 829 870 875 892 925 950 960 988
962
6 97 129 153 397 426 614 740 900
976
4 29 53 62 72 88 116 132 138 171 185 198 212 225 257 260 283 332 366 383 425 426 438 445 462 465 522 628 632 649 666 678 697 753 762 781 784 785 796 798 799 810 835 837 870 873 894 925 945 951 958 970 982 996
441
40 46 48 156 178 186 226 232 264 272 275 300 325 349 364 369 371 395 407 460 505 544 567 589 595 614 654 662 663 699 745 759 782 820 865 887 893 923 999
40
74 296 299 346 394 548 552 693 760 851 975
977
8 69 74 77 78 96 109 110 155 158 199 209 222 240 307 364 374 389 399 414 436 462 485 502 510 511 571 574 587 597 644 687 690 696 705 709 731 736 747 754 780 781 783 804 817 907 921 955 965 985 993
886
12 22 32 66 78 87 102 171 174 191 199 236 237 244 280 283 295 309 327 335 345 359 427 434 439 498 503 521 527 582 618 625 645 654 669 672 675 692 720 723 776 790 810 826 869 885 911 912 923 941 957
182
252 388 646 663 864
741
4 7 19 49 50 77 80 83 127 132 147 193 206 223 239 243 272 280 284 310 312 358 382 389 399 424 447 481 502 504 515 525 536 562 576 607 616 624 625 637 643 686 725 741 746 761 768 771 788 812 844 851 854 856 858 859 869 873 916 927 946 947 974
263
38 65 101 115 206 241 260 269 282 284 292 297 316 318 389 429 440 503 505 518 519 550 551 583 665 764 802 847 891 899 911 969
302
22 94 132 170 179 229 265 307 350 386 404 513 519 544 568 636 657 679 705 755 760 766 787 789 843 929 973
779
5 9 25 27 29 36 97 98 115 122 124 137 168 202 216 228 242 261 302 311 334 341 344 361 366 373 378 385 417 472 489 493 496 499 524 529 559 565 582 620 625 633 634 650 651 659 660 687 701 702 718 720 723 748 774 782 785 796 810 834 863 871 881 890 926 940 942 947 953 971 979 985 994 997
603
40 154 632 644 651 685 737 793 884
323
11 17 53 55 121 135 152 160 163 191 198 204 209 234 262 293 333 342 371 372 375 381 390 394 401 459 470 480 498 515 517 571 583 587 588 606 629 637 639 672 677 678 689 731 746 759 767 769 788 800 803 812 816 825 831 838 841 861 868 873 884 885 888 901 903 907 916 920 923 924 950 962 973 991 993
847
71 74 104 276 395 432 486 538 736 860 866 940 956 963 968
514
8 34 50 62 82 127 128 132 163 221 244 262 276 296 302 326 330 364 365 377 386 407 412 432 433 434 442 451 461 469 471 475 481 482 518 553 589 629 665 690 703 705 707 728 736 738 764 774 775 798 842 924 942 952 959 978 984 987 995
818
8 24 32 52 53 55 71 85 103 117 128 180 187 198 203 302 304 310 355 405 421 430 474 476 479 488 548 565 577 613 614 637 642 646 653 669 670 676 694 695 697 700 708 729 730 752 771 815 887 892 911 923 951 989 991
298
2 14 18 24 35 48 61 69 74 110 111 131 174 208 209 229 256 282 300 305 324 327 328 353 355 361 367 374 376 379 398 402 405 412 413 415 428 434 465 495 520 525 545 572 579 590 591 637 640 642 648 650 656 672 674 690 704 718 725 745 752 753 759 775 792 793 819 835 843 885 888 890 962 973
36
20 70 108 148 152 239 251 267 305 324 327 371 447 449 496 555 583 584 637 639 658 709 718 728 746 772 800 840 927
141
24 25 32 34 67 68 69 70 109 116 132 150 153 174 175 180 238 244 251 275 283 284 293 296 325 384 387 399 418 426 460 468 482 505 536 546 558 568 598 605 610 614 668 678 680 682 686 689 707 713 717 720 728 760 762 790 792 793 802 812 815 825 899 924 963 996
221
7 10 16 35 48 60 62 69 100 113 124 126 152 165 204 249 284 305 316 318 353 364 368 401 402 422 478 481 486 488 498 516 527 584 588 592 597 609 646 675 692 693 694 697 712 721 722 735 755 760 794 807 874 895 978 981
473
588 656 840
700
29 33 59 77 81 95 102 154 166 182 201 214 219 223 227 248 259 267 280 293 296 339 340 363 370 402 456 465 485 491 527 542 543 550 557 595 605 647 679 683 693 698 746 762 765 773 788 790 804 851 866 867 938 939 955
695
91 113 126 154 165 235 276 301 333 349 400 430 485 526 531 533 600 613 769 783 826 882 891 906 914 917
323
87 127 221 268 368 448 594 597 619 624 665 847 960
614
174 392 527 628 785
579
26 29 53 67 95 171 174 182 216 233 249 295 298 322 340 389 397 398 401 418 431 442 468 566 570 583 593 656 673 724 744 817 870 904 909 918 947 970
475
358 509 593 700 997
818
8 37 59 77 91 103 142 148 152 180 182 190 232 253 260 281 318 321 332 337 368 394 410 420 432 435 451 472 481 507 529 532 552 578 586 597 627 640 686 730 733 734 755 763 769 824 863 921 936 945 958 969 987 990
421
63 71 80 82 86 108 110 131 142 150 174 196 201 271 280 291 303 342 347 362 368 382 394 410 441 444 449 452 471 496 553 581 588 599 615 622 654 667 714 716 746 750 752 759 768 791 792 795 810 820 824 827 833 847 904 925 929 953 986
776
1 3 9 22 27 32 50 83 98 129 172 212 223 336 348 375 378 383 384 397 404 411 412 416 422 459 483 516 525 532 555 569 609 625 628 631 646 651 687 693 712 715 725 730 739 742 746 760 770 781 788 802 807 808 832 847 882 893 904 923 926 953 955 961 962 970 971 978 992
154
57 153 247 428 706 760 807 931 989
661
12 37 44 63 78 126 127 133 164 173 174 185 191 198 206 216 224 238 241 279 306 308 315 320 356 386 388 431 444 449 482 484 487 491 497 506 513 517 544 556 572 582 587 591 659 661 664 670 678 699 714 719 724 729 741 756 802 834 836 854 885 888 895 901 911 930 956 989
387
14 101 147 192 235 316 472 544 578 670 706 726 734 765 858 877 950
914
21 82 97 214 222 243 466 672 699 757 826 966
549
20 58 61 73 102 111 120 134 166 197 232 257 269 276 284 297 299 301 336 355 383 386 438 467 478 479 539 569 574 593 626 632 713 714 725 726 768 781 800 816 832 833 864 880 885 888 889 900 906 909 927 939 944 947 971 983 992
475
260 962 976
417
28 55 78 80 93 180 184 191 205 248 257 304 307 308 309 313 376 377 408 422 434 456 457 506 540 541 600 609 617 626 639 643 645 660 676 679 682 701 709 711 746 765 766 793 801 804 812 821 832 840 891 899 917 942 964 967 979 989
199
4 11 32 53 56 90 107 111 129 137 145 158 166 181 182 185 218 219 245 250 257 270 272 292 303 320 326 350 420 438 493 495 527 566 589 607 617 628 636 654 680 685 697 716 739 748 757 760 770 798 835 865 868 870 883 886 887 889 970 972 989
900
6 14 16 21 26 66 79 84 85 93 124 160 168 170 171 190 215 218 223 224 230 279 296 301 312 316 365 376 393 416 448 480 524 537 541 556 563 568 578 591 600 603 605 608 611 615 618 621 626 647 660 669 671 681 690 703 714 746 749 802 814 816 817 819 840 876 888 901 903 906 921 941 992 993
742
32 37 58 60 113 117 128 145 190 191 208 223 229 235 238 241 242 246 252 253 265 276 286 289 291 305 322 350 362 363 367 380 383 439 447 475 483 485 486 498 517 534 577 579 580 581 586 587 594 602 613 641 663 702 708 711 729 742 766 803 809 810 811 817 822 863 876 881 898 912 934
706
15 24 33 45 50 55 65 73 85 98 117 131 144 146 152 153 158 169 185 212 216 217 219 232 234 242 251 259 266 317 328 332 348 384 410 442 444 469 472 476 497 502 529 564 569 578 584 596 612 618 623 638 652 693 708 725 738 747 753 764 779 792 793 807 818 827 828 834 849 881 929 930 959 964 988 992
279
23 42 65 67 68 75 94 105 107 120 123 143 151 160 176 216 217 224 226 238 280 288 340 353 358 388 391 403 450 460 464 471 481 482 496 497 505 509 526 532 546 547 548 549 574 577 601 623 638 641 653 655 657 673 688 693 704 726 741 746 754 763 781 802 812 819 830 835 855 860 861 866 875 912 987 991
729
76 119 140 145 180 195 201 205 226 245 307 310 336 340 358 375 388 390 406 428 437 447 455 472 475 485 555 556 565 579 580 616 644 655 666 678 727 729 731 770 797 844 860 871 930 934 960 986
168
25 42 78 110 116 118 119 121 133 136 181 232 251 260 261 290 302 311 316 325 333 336 410 430 441 446 470 489 499 507 553 562 647 674 675 684 708 745 758 822 830 834 844 846 855 864 882 894 917 918 925 954 960 976 982 987 992
323
11 16 22 33 52 70 106 107 134 150 154 165 167 189 195 203 204 228 238 304 321 326 331 360 363 387 398 423 430 434 455 462 464 479 491 494 508 509 510 531 563 564 584 611 637 644 648 651 674 694 722 740 764 766 777 784 786 791 802 835 836 868 869 878 892 901 942 948 965 970 971 976 981 991
461
56 60 80 89 102 128 160 206 218 222 228 233 255 258 385 407 417 434 445 454 510 540 541 549 555 563 573 592 649 693 699 707 717 722 779 784 873 880 907 932 933 967 978
348
33 44 76 90 182 190 212 216 228 237 262 276 330 350 366 372 380 408 416 419 439 460 492 496 527 533 536 559 562 587 589 608 636 693 707 715 760 764 782 785 824 834 915 925 932 940 950 983
288
630 776 809
235
33 51 58 68 81 105 150 151 189 207 211 242 249 264 295 301 326 335 345 356 373 412 427 444 471 477 496 508 556 575 585 589 606 621 637 651 664 672 679 692 704 713 767 772 777 797 827 857 858 859 862 913 937 957
473
36 50 69 141 150 186 195 201 284 285 300 435 440 442 514 515 551 596 604 607 618 639 689 776 852 854 855 859 873 920 923 962
469
23 33 48 64 69 73 83 116 148 207 221 222 243 260 266 271 273 279 285 333 357 359 438 442 456 462 467 484 488 508 514 525 537 565 600 619 655 682 706 730 738 765 777 786 800 825 862 871 923 926 943 944 950 979
780
65 91 176 441 443 532 533 598 748 750 769 782 832 907 973 978
860
804
811
12 37 48 80 91 124 153 160 190 209 210 213 216 218 230 234 255 262 315 320 354 360 481 490 519 524 531 559 561 595 601 603 612 636 639 662 684 694 699 733 800 814 816 817 818 860 884 886 896 918 922 946 971 981 996
838
226 600 998
42
2 11 47 61 91 123 130 154 166 177 201 207 221 228 237 241 263 272 302 334 339 356 363 368 405 406 432 439 453 460 484 485 517 526 538 545 557 559 563 572 585 595 621 624 639 650 669 690 724 769 811 834 859 873 886 892 905 920 936 938 972 987 997
236
25 34 59 95 104 156 206 240 273 278 289 303 351 352 372 380 390 398 407 416 424 472 539 547 563 628 636 683 725 755 757 814 828 862 865 905 926 946 988
33
10 14 29 37 39 72 78 127 133 153 172 195 215 233 246 290 295 308 344 399 436 444 453 456 478 484 517 545 557 573 578 606 612 641 642 663 664 670 671 711 726 727 728 733 745 761 780 791 796 820 847 869 909 934 936 952 959 961 964 965 988 991 997
871
4 22 23 30 55 62 64 67 114 155 169 176 178 191 217 219 222 243 248 255 275 322 338 360 363 388 413 443 459 468 491 505 515 528 557 595 678 713 724 737 747 754 792 802 815 830 852 864 874 889 892 902 946 959
731
4 7 21 23 31 36 42 67 83 118 124 175 200 210 224 266 281 315 354 358 364 405 419 420 435 480 499 521 535 536 570 580 596 607 610 612 631 651 653 685 722 744 786 812 814 835 853 873 876 880 888 909 929 981 991
676
3 45 137 160 166 168 175 189 205 240 263 276 298 312 319 340 346 348 356 363 371 375 384 386 407 433 461 487 490 506 513 525 532 536 539 564 578 579 585 587 596 602 634 646 659 683 744 752 755 764 783 853 859 895 901 905 950 956 966
193
52 204 327 343 348 359 445 471 521 612 699 716 784 895 991
718
23 64 74 114 143 155 177 246 269 277 349 351 365 369 398 437 472 478 527 543 648 665 668 669 672 774 802 805 831 872 908 984
692
1 43 45 151 159 198 238 240 265 299 354 371 375 432 461 523 654 669 737 756 801 842 876 897
560
17 20 25 58 67 122 133 160 161 170 175 187 204 214 250 264 285 290 307 332 349 396 399 409 416 441 446 464 475 476 481 493 540 552 572 654 672 673 689 692 705 710 711 718 733 744 774 816 834 843 848 861 886 894 899 900 903 914 916 931 936 990
507
2 120 197 246 301 344 411 452 610 669 848 878 905
336
54 59 145 201 215 236 241 245 324 333 335 342 351 362 372 407 420 442 448 481 522 557 569 571 626 682 753 779 787 789 796 814 826 855 872 885 887 891 904 908 940 948 951 954 975 989
447
41 44 48 60 67 70 80 87 95 115 123 154 172 203 209 210 216 225 235 252 273 274 280 282 292 297 305 312 313 335 344 359 368 409 436 437 447 490 500 517 553 564 572 577 586 594 595 596 606 607 617 630 634 647 677 698 717 734 794 798 805 820 833 837 843 881 902 909 940 951 955 960 961 970 977 992
312
28 31 56 59 116 129 132 144 171 198 246 250 283 322 353 359 380 507 590 646 681 702 730 779 904 923 938 971
925
18 81 83 86 110 112 133 157 175 181 217 224 240 264 316 317 323 346 363 394 410 468 495 507 511 520 524 528 546 550 555 576 580 584 595 601 625 686 690 735 742 779 791 792 800 808 817 862 868 885 892 908 950 970 973 994 996
140
2 40 42 57 81 82 89 105 177 199 250 253 269 291 323 337 384 428 476 497 501 554 593 620 654 712 755 764 765 772 791 822 922 957
228
15 74 154 194 226 253 323 351 473 513 529 564 620 742 928 981
399
31 50 71 86 91 108 120 121 142 150 157 159 188 217 220 225 229 268 279 294 315 321 329 347 348 353 357 390 392 423 426 442 448 462 465 487 504 520 531 542 546 547 569 616 617 620 621 628 639 641 666 692 697 699 789 812 823 880 886 887 972 976 990
561
10 40 42 109 116 119 133 142 173 197 219 254 293 336 364 375 376 411 417 434 458 467 481 485 543 562 585 624 629 652 657 680 708 734 736 760 783 801 810 841 842 860 877 881 882 904 934 947
974
48 92 338 558 653 816 874
593
84 100 126 140 206 231 246 333 357 364 399 468 513 558 575 653 721 734 805 807 852 861 958
364
10 23 65 84 99 101 123 140 144 155 207 213 233 278 290 316 334 342 359 382 387 396 429 460 483 485 507 551 560 562 564 577 623 642 645 678 704 715 732 736 742 760 762 803 821 825 837 911 917 930 932 946 971 996
39
119 262 284 437 456 636 725 731
748
176 885 896
565
78 159 199 210 238 240 278 298 385 418 424 526 567 574 586 600 601 647 724 754 848 884 912 950 978 993
944
27 48 56 61 70 91 108 125 130 167 173 211 224 247 248 250 252 254 258 268 269 280 320 338 362 370 378 385 393 415 442 451 470 477 494 499 514 530 562 566 581 607 631 636 717 755 771 777 842 843 858 870 890 898 901 904 908 917 928 931 942 944 952 974 987
988
42 52 54 408 451 471 627 630 834 868 927
676
2 37 51 93 99 143 167 176 182 203 218 224 231 242 257 262 283 339 347 371 459 501 555 593 678 700 705 717 742 755 781 786 800 827 831 887 914 926 927 953 958 972 973 979
303
61 79 183 233 271 298 340 357 408 428 477 507 524 537 589 600 641 661 706 707 731 734 759 770 797 864 875 945 972 987
895
329 834 928
220
1 14 38 112 142 147 150 172 212 232 239 244 259 293 298 313 349 351 353 374 376 415 444 448 473 492 549 562 591 592 606 611 615 623 649 654 667 692 740 749 751 759 769 773 783 805 825 838 849 900 981 982 986
399
8 15 23 51 153 155 197 251 304 325 340 385 407 408 445 464 557 619 625 648 700 738 751 758 816 844 865 867 925 958
678
6 43 52 54 86 95 97 133 154 168 188 210 236 278 322 337 339 367 408 427 434 439 440 504 521 555 572 579 587 590 643 646 656 658 665 666 667 669 697 711 721 727 736 747 755 765 771 773 781 797 819 830 911 942 952 953 984
587
9 196 323 329 411 505 560 686 735 762 791 817 831 944
725
1 24 123 135 145 177 200 242 253 262 268 270 331 348 386 403 412 443 445 447 541 571 602 630 638 648 691 700 763 770 778 783 803 841 846 914 937 951
30
5 7 16 44 78 103 155 156 180 181 218 290 347 358 379 380 383 398 408 413 432 465 470 515 519 555 585 591 600 605 609 611 631 632 642 644 680 689 697 735 737 760 780 784 786 788 790 813 865 898 966 995 999
374
55 208 216 255 374 471 643 645 663 770 788 865 980
761
74 380 406 431 433 490 519 599 628 733 832 937 952 990
677
3 9 17 31 45 46 47 63 81 82 85 108 123 136 146 166 174 197 203 220 243 268 309 322 333 359 399 407 435 464 514 515 529 535 549 555 571 593 617 618 620 630 636 641 645 657 749 772 777 780 783 831 836 886 901 920 930 939 946 954 984
204
7 15 17 28 33 49 64 98 118 127 146 166 177 187 189 236 257 259 266 303 353 381 411 432 438 461 462 484 507 522 564 568 571 574 576 577 590 592 599 611 675 686 732 733 744 768 852 860 867 894 899 916 917 939 986 991
146
11 35 53 60 70 81 82 98 104 113 118 133 158 162 166 171 205 208 226 251 256 270 286 289 309 336 365 374 385 397 429 438 446 448 457 460 465 483 485 494 507 546 570 577 578 585 661 670 676 679 687 695 701 702 720 726 734 736 744 750 771 782 783 853 858 875 879 891 901 935 949 960 976 994 996
386
19 55 59 105 138 141 211 219 235 247 302 337 379 399 430 447 451 454 458 472 491 514 525 535 546 556 580 602 617 618 632 635 670 701 703 726 729 733 767 771 775 809 840 851 875 889 905 928 950
380
18 67 87 89 94 99 144 148 159 164 183 211 242 299 324 327 338 388 395 551 582 595 598 614 622 628 645 647 711 768 772 787 791 799 812 860 903 917 919 926 982 984 998
121
9 16 31 56 66 116 133 135 140 141 150 158 162 219 229 237 247 257 260 262 265 277 285 298 354 361 381 391 394 398 470 479 481 486 621 630 653 662 721 746 749 750 761 765 768 772 773 783 832 862 883 937 956 958 962
924
171 303 349 389 406 419 556 739 764 894
55
60 133 141 149 205 227 233 237 244 276 314 327 352 355 370 394 479 514 549 559 568 585 641 670 783 789 821 827 872 897 919 953
907
49 58 64 145 171 206 216 279 349 382 395 400 445 454 455 477 487 497 523 603 640 655 670 680 701 705 735 743 746 750 756 796 932 951 1000
490
302 366 462 603 722 783 814 903 955 978 998
599
42 80 157 391 466 493 546 548 681 684 710 714 753 834 870 889 900 949 957 973 998
307
6 24 71 112 130 138 148 151 180 226 237 238 239 260 275 294 295 304 364 379 386 420 425 451 457 461 466 471 472 475 477 479 511 522 531 540 548 571 610 618 621 632 690 705 723 728 741 761 791 833 838 876 879 884 886 902 939 941 943 956 968 983 989
493
20 44 51 78 101 139 148 168 211 218 221 272 328 339 344 348 356 367 368 381 382 386 392 410 412 428 429 432 454 468 473 477 501 514 516 527 561 567 575 576 577 593 594 595 618 682 710 716 723 753 762 775 785 794 802 843 858 880 906 907 915 919 920 958 973 979 992
771
3 22 47 48 86 102 107 200 210 218 220 229 231 256 274 282 309 314 323 332 334 347 350 366 405 449 464 475 479 483 485 533 556 576 588 590 596 627 647 689 690 737 754 756 766 774 783 786 802 831 871 873 893 944 949 974 975 976 977
64
13 20 45 69 72 110 145 149 158 192 196 225 230 234 247 286 298 306 310 353 368 370 371 378 397 413 430 437 453 488 502 505 536 546 560 597 602 640 686 723 754 768 782 800 818 819 837 841 846 877 914 920 949 956 991 999
798
134 716
616
53 212 407 452 505 630 639 752 789
476
20 65 80 96 189 192 196 212 229 230 269 298 316 353 365 371 397 411 587 682 692 759 793 834 839 842 883 888 907 982 984
462
2 7 23 42 71 79 84 89 99 110 114 127 135 136 147 163 183 227 235 237 238 261 270 281 284 286 351 373 374 380 396 401 419 450 457 468 514 522 541 551 562 573 580 582 616 617 619 627 662 668 672 674 686 692 693 695 713 715 722 725 732 744 757 761 769 798 824 876 879 887 905 930 959 965
96
1 5 6 20 21 31 81 87 134 152 189 191 192 194 200 212 269 280 289 297 303 310 338 347 348 389 400 403 407 411 465 476 479 487 489 499 570 574 587 616 619 643 669 682 693 699 705 714 718 724 725 726 732 799 815 820 821 858 880 881 886 894 898 899 907 912 919 931 986
400
72 85 148 341 449 466 486 538 576 580 587 594 604 632 656 681 706 707 708 747 836 859 871 925 998
119
152 741 839
7
5 10 32 37 46 57 71 88 114 145 146 151 188 193 195 211 235 247 253 289 324 328 367 383 396 402 403 406 415 433 446 448 492 516 542 559 589 602 614 629 634 651 693 694 697 720 721 733 734 743 752 762 775 794 828 836 838 855 858 862 863 923 939 941 950 959 961 963
981
2 43 66 95 130 191 194 203 210 236 244 246 286 297 301 316 318 363 364 366 381 389 393 418 430 431 460 472 478 533 564 617 635 644 694 696 699 703 712 723 764 769 770 778 799 819 835 845 862 890 896 900 903 912 921 933 938 940 981 992 996
904
4 159 284 614 894
987
5 7 33 51 57 65 66 83 100 124 140 144 148 159 181 203 230 246 290 298 306 309 318 327 370 378 385 429 468 471 485 537 572 591 594 602 631 674 678 699 786 792 806 890 908 914 923 938 964 998
244
23 67 97 163 178 214 284 299 306 335 477 577 653 678 768 818 820
423
11 15 26 30 34 64 65 68 70 88 112 135 196 215 260 307 311 321 323 337 339 345 348 350 373 375 383 384 398 399 427 430 432 438 477 480 500 515 558 566 571 579 595 612 618 620 698 722 759 797 815 823 832 851 868 891 900 916 927 938 975 982 986
85
8 15 35 40 46 60 61 75 83 93 108 140 144 208 210 229 245 249 263 289 310 316 319 321 323 324 328 340 369 376 394 404 421 424 434 445 452 457 461 486 501 520 534 551 553 588 644 662 681 684 703 706 708 716 754 775 777 779 799 805 814 817 831 846 859 893 946
75
1 33 45 49 79 93 108 115 215 229 236 296 436 501 517 534 540 542 555 565 608 612 712 738 741 748 884 897 958
721
49 122 124 297 423
117
2 13 16 23 24 32 59 76 87 108 109 127 167 171 201 209 233 239 275 281 282 300 301 317 341 342 343 345 384 432 435 453 472 488 548 582 599 609 652 661 708 709 727 749 756 767 784 797 831 832 842 843 851 857 873 904 923 934 967 972 989
347
63 103 135 137 198 206 212 252 253 257 259 323 343 368 385 473 506 509 558 559 575 650 658 721 756 767 804 813 830 906 956
306
53 139 253 282 342 406 461 476 538 575 581 592 664 713 719 787 826
646
20 36 40 97 141 154 167 182 187 195 213 218 230 276 287 353 426 429 434 438 446 479 618 639 679 685 701 721 737 782 828 868 883 915 925 928 953 995
792
17 19 21 38 42 59 80 113 115 154 180 196 200 223 239 240 247 250 254 256 265 272 280 283 293 296 307 314 336 359 378 382 388 396 400 410 413 429 434 437 438 516 527 528 531 577 613 628 635 653 654 664 686 687 700 709 711 735 738 744 768 769 775 782 784 813 815 820 828 850 885 894 925 960
782
13 26 64 161 235 247 310 457 491 559 627 714 717 742 765 822 887 897 943 960
657
1 17 26 74 77 81 99 106 115 125 146 163 178 189 198 228 241 243 248 259 272 297 303 311 327 328 338 343 347 390 397 426 452 484 506 513 535 553 568 569 586 608 616 633 669 687 717 760 763 764 773 775 786 791 813 820 830 848 865 881 917 952 960 972 978 989 998
196
4 16 23 139 158 178 209 236 255 259 260 266 286 292 293 299 300 305 319 328 341 371 376 386 387 414 415 441 448 458 479 514 533 560 563 581 591 593 601 609 623 656 682 711 714 723 731 733 739 746 748 754 760 782 805 819 820 821 826 841 847 852 874 880 902 969
974
168 169 288 364 838 904 961 972
908
37 48 61 78 108 118 120 128 164 210 230 238 263 302 321 382 411 460 520 528 543 549 558 559 644 648 701 706 745 748 753 759 773 788 793 809 840 908 913 917 928 942 946 953 959
277
33 39 48 107 110 164 174 224 227 228 237 263 287 297 305 309 414 419 432 435 561 576 592 596 598 615 630 657 660 679 696 701 713 744 807 813 929 959 974 996 998
757
53 73 163 267 268 273 275 303 319 361 364 408 429 433 480 481 493 500 542 556 581 621 623 663 675 679 689 701 706 725 726 793 802 834 840 883 942 983 985 990
244
8 156 173 193 198 390 408 560 665 686 769 806 829 844 879 987
617
38 51 71 73 80 93 94 176 188 213 215 219 255 286 295 392 452 476 507 528 546 617 634 679 682 692 767 770 777 790 809 827 872 882 951 977
2
26 31 33 61 173 192 194 215 400 431 467 552 563 582 609 670 685 701 791 814 835 851 858 914
6
57 72 101 140 154 160 216 230 311 362 363 371 480 495 534 545 651 655 657 690 739 783 823 826 852 864 939 959
936
8 18 69 76 85 87 95 122 131 140 181 188 217 223 227 253 277 279 325 349 364 370 394 418 419 425 465 510 523 551 559 561 619 626 634 677 708 710 721 736 737 743 749 789 792 844 849 856 871 890 892 906 912 930 947 949 953
106
27 46 55 64 74 91 101 111 125 157 176 191 203 209 225 229 233 256 277 289 298 307 314 321 343 355 372 386 415 441 485 487 521 531 542 544 551 590 591 622 626 652 666 669 673 679 685 692 706 712 726 741 745 752 777 778 779 785 791 793 813 858 859 876 915 926 949 971 979 992
399
7 60 72 101 111 161 171 273 275 281 285 287 290 339 347 353 378 399 407 437 442 450 456 477 500 518 609 616 625 653 668 710 763 776 785 802 828 853 876 897 923 937 949 972 973
865
21 25 51 56 62 88 119 129 137 139 163 212 216 251 281 291 320 355 356 412 478 502 518 556 590 702 704 712 726 743 759 763 771 795 812 975
762
6 7 21 23 36 50 57 67 68 77 80 90 122 123 134 140 142 143 149 199 216 244 270 275 293 296 312 326 330 334 344 359 376 394 406 410 423 425 433 448 451 462 473 478 483 485 488 508 552 553 555 568 570 610 623 627 699 714 723 724 739 810 814 843 846 859 868 890 915 929 947 951
707
23 48 49 53 54 90 118 119 129 132 134 140 147 162 208 219 220 221 223 234 241 259 264 268 278 279 286 296 349 355 413 435 438 452 458 460 465 472 503 546 554 612 647 653 670 671 678 689 698 704 737 744 773 777 786 799 805 821 831 833 840 882 921 928 971 973
670
123
641
13 46 52 95 111 119 153 156 162 168 182 198 202 232 235 245 247 271 280 299 303 321 340 342 348 380 384 386 389 397 425 428 430 459 468 487 488 493 520 526 548 568 582 587 589 620 629 650 674 690 713 720 743 749 784 790 809 814 826 835 846 862 875 880 904 905 912 930 964 994
249
67 70 80 165 193 264 288 293 333 449 569 578 640 680 689 713 735 921 923 994
853
39 53 57 67 69 72 79 83 86 99 119 142 175 179 195 214 216 240 243 258 279 318 320 406 427 456 472 480 483 503 512 515 529 539 542 543 558 566 571 598 602 639 715 723 831 841 879 914 933 964 982
646
4 24 31 43 66 68 84 87 92 93 100 103 113 149 179 193 200 225 255 294 305 318 346 369 370 383 385 396 401 420 438 469 471 480 509 534 588 601 626 657 713 723 726 740 757 770 797 816 868 899 900 936 942 952 963 971 974 987
286
1 50 54 60 99 110 114 127 128 153 161 189 206 216 234 244 256 264 284 297 298 300 325 340 351 372 388 407 433 483 484 494 515 542 558 566 576 618 627 640 740 779 802 803 804 814 820 830 856 857 864 876 906 911 962 982 985
790
25 32 43 76 107 139 150 280 286 311 401 472 474 499 509 532 582 722 735 775 796 897 981 994
599
29 62 73 85 86 136 153 159 171 174 182 183 197 222 253 265 269 270 294 316 359 366 367 392 395 428 430 435 437 453 464 476 530 538 541 550 555 558 569 591 603 631 637 662 710 727 731 733 736 744 749 753 763 783 785 797 799 808 822 823 838 857 861 899 907 922 933 935 947 955 960 964 982
636
36 87 112 133 140 151 161 184 187 253 270 294 320 391 425 439 451 483 484 485 517 519 612 638 643 649 674 701 711 772 779 794 810 820 832 894 917 935 954 972 984 994
872
5 23 41 47 57 61 183 256 270 274 342 350 396 426 468 514 646 676 679 749 763 774 813 854 902 920 930 963
471
60 92 129 136 144 154 159 166 179 201 206 242 244 254 278 314 323 339 360 398 400 403 407 416 435 462 518 557 572 574 587 665 715 719 748 771 800 823 839 885 886 903 928 940 952 954 957 978 995
413
1 28 38 72 193 199 258 287 325 391 395 399 430 489 553 556 579 585 586 597 649 764 814 849 899 970
8
8 17 25 34 35 81 118 138 186 233 248 295 309 319 338 351 367 380 381 404 411 412 424 425 432 433 452 471 474 508 528 531 542 545 552 556 576 589 595 619 630 637 639 641 645 648 650 654 662 677 682 692 722 766 769 773 776 787 839 851 878 910 972 976 977 997
333
12 18 42 55 85 86 91 101 152 195 247 295 368 440 476 518 553 574 600 630 669 697 703 709 725 732 742 777 845 916 920 962 989 995
205
13 33 39 57 72 81 89 91 110 131 149 157 179 191 192 195 211 243 247 254 315 318 341 358 390 411 418 419 422 434 473 486 491 513 516 522 535 551 559 561 572 589 600 635 645 651 664 699 701 715 745 832 838 852 965 991
281
53 102 121 124 132 198 243 246 277 282 300 334 425 441 472 480 490 554 555 597 598 601 632 653 662 684 691 736 752 797 803 804 831 882 924
19
17 29 61 72 76 100 104 118 119 126 200 201 210 228 231 242 282 299 313 337 340 362 375 434 442 460 472 478 527 539 573 577 601 621 646 684 749 758 764 785 815 825 855 867 880 888 906 909 910 943 965 989 993 999
197
2 10 12 40 51 63 80 82 89 106 110 167 170 183 204 222 258 306 364 383 411 478 625 650 671 685 688 694 704 743 777 796 824 868 869 915 919 931 945 950 955 969
93
12 34 51 63 139 170 174 198 203 351 365 369 393 405 415 495 501 506 528 529 544 574 593 629 653 681 690 703 706 709 757 762 777 805 842 936 970 972
343
6 35 44 45 47 52 58 67 107 125 151 165 180 230 265 272 273 276 281 293 295 296 311 337 365 377 384 402 405 427 446 447 478 513 568 574 579 596 598 615 652 658 659 682 695 700 719 722 740 766 785 793 809 820 825 832 835 854 872 912 915 927 961 965 968 992
547
11 26 83 99 131 136 161 164 185 212 266 272 347 359 376 415 427 442 455 473 481 512 537 651 671 694 695 729 739 746 755 798 802 803 807 856 899 902
45
49 236 545 593
106
9 75 103 133 142 147 239 280 313 342 396 422 457 459 494 512 536 666 698 703 750 775 783 798 808 832 871 873 933
873
56 93 145 159 201 247 493 532 534 539 645 662 697 791 800 835 911 936 991
486
387 406 979
394
11 58 94 145 168 178 186 192 195 230 233 234 288 343 346 352 373 404 435 437 459 476 481 497 506 629 631 637 639 679 717 740 775 780 813 856 858 864 877 898 918 936 973 995
120
34 54 59 111 115 117 159 228 251 252 269 295 310 336 337 345 350 354 386 429 481 482 585 592 639 660 664 704 799 806 821 839 849 913 916 925 932 981
855
11 16 74 76 108 112 121 160 208 212 225 254 299 342 401 455 477 496 536 593 641 646 690 692 710 712 756 809 810 819 843 852 879 956 973 989
623
5 14 48 65 77 83 97 112 114 116 119 130 139 148 154 162 184 207 210 218 219 292 293 316 327 355 367 378 399 409 412 422 436 445 446 450 493 499 513 545 554 560 568 571 572 576 584 611 631 671 676 679 685 690 692 698 719 737 766 774 786 827 833 900 906 912 931 941 949 970 992
578
10 28 52 89 105 107 184 231 233 234 243 255 265 284 302 303 362 363 374 382 401 403 420 465 474 556 573 633 674 681 685 697 730 734 739 740 748 757 771 780 785 837 841 878 888 906 912 933 942 959 963 977
83
14 68 94 128 136 145 152 157 189 228 234 262 263 278 290 297 298 300 313 332 365 392 403 410 426 459 484 514 554 595 608 633 672 681 694 708 709 711 716 720 773 782 783 788 798 804 821 842 860 868 896 967 979 983
365
16 40 60 63 66 88 93 105 111 122 130 132 137 145 167 221 244 253 263 272 275 298 324 326 355 358 374 392 472 481 484 494 499 511 512 513 532 547 569 597 603 614 644 651 662 666 668 670 678 705 760 765 783 797 808 861 890 896 900 905 916 921 975 986 994
268
18 196 589
928
8 78 166 171 193 219 226 267 279 296 323 388 392 397 402 463 466 474 507 538 547 593 633 636 657 812 854 944 954
136
4 7 13 18 81 93 140 163 170 174 177 241 249 314 362 416 544 555 565 572 630 663 698 710 711 716 829 837 904 947 950 982
562
1 19 21 60 61 71 77 96 115 130 150 203 218 219 239 274 303 350 353 392 412 423 448 460 500 510 550 583 595 702 704 740 743 746 755 765 777 789 796 862 868 887 926 951
196
38 43 122 123 167 213 248 249 273 303 322 358 375 433 458 467 468 469 524 557 608 674 689 739 764 766 768 810 822 868 931 965
952
13 47 65 130 191 200 213 328 330 360 383 444 467 480 485 499 502 535 716 743 784 794 830 874 984
778
30 72 78 97 130 144 155 205 216 302 317 318 320 370 405 458 527 543 567 628 679 723 782 811 820 843 853 860 947
483
720
325
7 28 37 58 85 129 151 170 177 195 215 247 273 279 281 300 314 323 340 379 390 392 395 397 436 449 458 476 484 505 522 524 546 557 580 593 606 613 631 639 662 678 684 709 711 731 737 764 779 785 809 854 872 879 906 931 939 966 992
599
36 47 99 150 157 205 206 228 232 240 241 244 250 263 267 278 332 391 420 523 543 556 564 599 600 619 638 675 699 731 751 812 813 847 852 888 895 903 914 983 991 992 993
280
50 198 441 570 700 953 979
85
6 91 140 184 194 197 230 275 317 329 366 389 428 540 541 548 562 668 701 732 772 815 820 899 923 931 972
663
36 67 110 137 138 172 173 176 187 193 196 217 237 256 259 302 313 320 329 344 357 380 392 407 420 433 465 496 507 566 582 585 629 637 696 699 702 705 718 736 745 747 803 823 825 826 850 875 881 904 909 992
191
38 39 64 94 170 228 245 264 331 389 417 457 479 481 492 505 512 523 524 658 662 734 831 891 901 948 964
128
4 64 82 87 92 109 115 122 167 171 182 214 260 269 278 280 295 298 309 328 333 339 347 367 382 396 429 430 434 463 485 498 571 644 701 717 745 780 781 797 841 848 850 863 867 879 883 925 932 935 941
984
222
369
9 153 262 353 406 454 493 505 558 568 616 679 781 793 796 858 946 983
905
52 200 225 226 255 267 360 438 493 514 543 554 566 612 614 654 752 776 857 863 877 975
446
13 39 90 112 143 169 257 259 264 279 321 342 350 391 408 417 419 421 426 443 450 478 486 528 555 588 608 609 650 677 700 715 728 748 765 834 851 860 887 898 918 922 927 940 963 992
739
41 162 193 221 282 363 388 403 405 412 439 440 544 549 555 556 569 586 608 671 715 726 782 804 832 873 917
104
814
267
1 11 31 32 41 43 60 172 175 200 216 280 349 351 364 407 409 433 477 507 537 554 590 632 641 651 684 741 776 816 819 865 943 948 952 998
176
126 152 324 344 414 501 637 676 724 760 778 780 822 853 868 933 958 966 972
770
11 29 43 59 61 67 77 86 100 112 115 128 142 146 158 169 178 192 200 256 259 278 286 288 309 355 401 437 444 448 459 461 478 534 576 578 612 629 638 657 785 793 796 806 809 810 847 873 898 900 910 957 964 982 986
716
8 12 18 29 35 54 72 80 92 103 105 110 129 167 181 186 200 236 265 276 277 299 310 314 316 347 375 376 397 399 418 446 471 508 514 541 547 550 552 553 587 589 593 594 603 605 618 631 677 696 700 731 737 756 757 793 800 801 805 811 818 834 836 856 875 878 887 947 949 978 994 997
160
16 51 69 77 78 98 132 155 160 184 226 255 264 281 287 288 300 317 322 328 341 342 351 354 381 391 399 404 436 454 497 536 585 614 631 648 664 674 704 729 761 769 770 775 790 797 809 825 838 844 845 890 902 903 919 943 972 978 984
503
3 36 47 49 66 69 99 116 166 186 194 219 221 231 236 239 240 255 269 330 341 343 353 357 381 398 403 413 416 436 469 488 493 509 512 537 540 574 588 595 605 642 648 650 651 694 695 696 710 721 749 778 811 824 832 836 849 853 865 894 898 908 967 971 991
650
150 247 253 270 485 553 593 607 649 667 689 927 957 974 986
214
540 710 974 983
255
10 93 95 140 154 210 263 269 289 356 541 663 748 776 882 946
583
661 754 776 866
237
27 28 32 34 53 64 66 82 92 224 226 236 246 259 305 328 373 449 565 576 678 704 741 803 869 902 914 988 990
813
10 37 46 56 67 101 108 112 118 123 135 160 199 237 245 263 280 285 295 307 308 312 313 320 335 341 342 349 354 371 380 382 392 455 482 532 542 547 558 565 605 616 623 634 661 692 712 722 725 729 750 757 784 788 803 808 826 862 873 889 903 915 951 967 972 979 992 997 999
155
18 21 49 59 61 79 89 91 92 94 97 151 157 168 174 184 238 264 270 301 303 311 340 347 355 367 375 450 457 469 471 503 565 576 617 626 643 646 656 661 697 700 709 713 715 733 763 771 775 778 782 803 812 820 857 869 871 906 945 947 951 963 972 982 998
642
