500
500
1 2 3 4 5 6 7 8 9
13
10 11 12
12
13 14 15 16
21
17 18 19 20
20
21 22 23 24 25
28
26 27 28 29 30
33
31 32 33
39
34 35 36
36
37 38 39 40 41 42 43 44 45
41
46 47 48
38
49 50 51 52 53 54 55 56 57
38
58 59 60
45
61 62 63 64 65 66 67 68 69
58
70 71 72
46
73 74 75
66
76 77 78 79 80
72
81 82 83 84 85 86 87 88
100
89 90 91 92 93 94 95 96 97
78
98 99 100
70
101 102 103 104 105
84
106 107 108 109 110
84
111 112 113 114
114
115 116 117 118 119 120 121
43
122 123 124
43
125 126 127 128
51
129 130 131
79
132 133 134 135 136 137
82
138 139 140
111
141 142 143 144 145 146 147 148
208
149 150 151
215
152 153 154
206
155 156 157 158 159 160 161 162 163
139
164 165 166 167
156
168 169 170
177
171 172 173 174
199
175 176 177 178
231
179 180 181 182 183 184 185 186
31
187 188 189
42
190 191 192
42
193 194 195
57
196 197 198 199 200
87
201 202 203
77
204 205 206 207
110
208 209 210 211 212
124
213 214 215 216 217 218 219
137
220 221 222 223
158
224 225 226 227 228 229 230
180
231 232 233 234
252
235 236 237 238 239 240 241 242
207
243 244 245
241
246 247 248
260
249 250 251 252
277
253 254 255 256 257 258 259
280
260 261 262 263 264 265 266 267 268
360
269 270 271
400
272 273 274 275 276 277 278 279 280
285
281 282 283
309
284 285 286
352
287 288 289 290 291 292 293 294 295
69
296 297 298
67
299 300 301 302 303
73
304 305 306 307 308
102
309 310 311 312
138
313 314 315 316 317 318 319 320
121
321 322 323
168
324 325 326 327 328 329 330
171
331 332 333 334
268
335 336 337 338 339 340 341
272
342 343 344
255
345 346 347 348 349 350 351 352
213
353 354 355
213
356 357 358 359
292
360 361 362 363 364 365 366 367 368
453
369 370 371 372 373 374 375
107
376 377 378
102
379 380 381
154
382 383 384 385 386
192
387 388 389 390 391
222
392 393 394 395 396
245
397 398 399 400
270
401 402 403 404
305
405 406 407 408 409 410 411
430
412 413 414 415 416 417 418 419 420
485
421 422 423
456
424 425 426 427 428
547
429 430 431 432 433 434 435 436 437
86
438 439 440 441
67
442 443 444 445
87
446 447 448
117
449 450 451
154
452 453 454
183
455 456 457 458 459 460
219
461 462 463 464
287
465 466 467 468 469
295
470 471 472 473 474 475 476
255
477 478 479 480
365
481 482 483 484
474
485 486 487 488 489 490 491 492 493
312
494 495 496
341
497 498 499 500
392
1 2 3 4 5 6 7
9
8 9 10
10
11 12 13
12
14 15 16 17
15
18 19 20 21 22
17
23 24 25 26 27 28 29
22
30 31 32 33 34 35 36
21
37 38 39
22
40 41 42 43 44 45 46 47 48
25
49 50 51
33
52 53 54
51
55 56 57 58 59 60 61 62 63
47
64 65 66
54
67 68 69 70 71 72 73 74 75
34
76 77 78
32
79 80 81 82 83
44
84 85 86 87 88
53
89 90 91 92 93 94 95
58
96 97 98
49
99 100 101 102
80
103 104 105 106 107 108 109 110
42
111 112 113
36
114 115 116 117
54
118 119 120 121 122
69
123 124 125 126
69
127 128 129 130
89
131 132 133 134 135 136 137 138 139
39
140 141 142 143
43
144 145 146 147 148
54
149 150 151
54
152 153 154 155
56
156 157 158
69
159 160 161 162
77
163 164 165 166 167 168 169 170 171
67
172 173 174 175
68
176 177 178
57
179 180 181 182
62
183 184 185 186 187 188 189
84
190 191 192 193 194 195
121
196 197 198 199 200 201 202 203 204
58
205 206 207 208
47
209 210 211 212
65
213 214 215 216 217
77
218 219 220
75
221 222 223 224 225 226
94
227 228 229 230 231 232 233 234 235
130
236 237 238 239 240 241 242
164
243 244 245 246 247 248 249
60
250 251 252
65
253 254 255 256
68
257 258 259 260
70
261 262 263 264 265 266
100
267 268 269 270 271 272 273 274 275
125
276 277 278 279 280 281 282 283 284
148
285 286 287 288 289 290 291
130
292 293 294
131
295 296 297 298 299 300 301 302 303
178
304 305 306
170
307 308 309 310 311 312 313 314 315
38
316 317 318
39
319 320 321
48
322 323 324
68
325 326 327
85
328 329 330
116
331 332 333 334 335 336
134
337 338 339 340 341 342 343 344 345
144
346 347 348 349 350 351 352 353 354
163
355 356 357 358
156
359 360 361 362 363 364
205
365 366 367 368 369 370 371
210
372 373 374
254
375 376 377 378 379 380 381 382 383
184
384 385 386
232
387 388 389
230
390 391 392 393 394 395 396 397
82
398 399 400
86
401 402 403 404
107
405 406 407 408
116
409 410 411 412
169
413 414 415 416 417
243
418 419 420 421 422 423
296
424 425 426 427
335
428 429 430 431 432 433 434 435 436
385
437 438 439
317
440 441 442 443 444 445 446 447 448
312
449 450 451
405
452 453 454 455 456 457 458 459
171
460 461 462
158
463 464 465
200
466 467 468 469 470
227
471 472 473
287
474 475 476
274
477 478 479 480
317
481 482 483 484 485
378
486 487 488 489 490 491 492 493 494
408
495 496 497
407
498 499 500
511
1 2 3 4 5 6 7 8 9
7
10 11 12
7
13 14 15 16 17
8
18 19 20 21 22
13
23 24 25 26 27 28 29 30
18
31 32 33 34 35 36 37 38
20
39 40 41 42
26
43 44 45 46 47 48 49 50 51
35
52 53 54 55
51
56 57 58 59 60 61 62 63 64
37
65 66 67
34
68 69 70 71
43
72 73 74 75 76
63
77 78 79 80 81 82 83 84
43
85 86 87
45
88 89 90
67
91 92 93 94 95 96 97 98
57
99 100 101
56
102 103 104
51
105 106 107 108
65
109 110 111 112
120
113 114 115 116 117 118 119 120
90
121 122 123
94
124 125 126
92
127 128 129
107
130 131 132 133 134 135 136
95
137 138 139
83
140 141 142 143
105
144 145 146 147
120
148 149 150 151 152 153 154 155
41
156 157 158
39
159 160 161
46
162 163 164 165
51
166 167 168 169 170 171
58
172 173 174 175 176 177 178 179 180
99
181 182 183 184 185 186
128
187 188 189 190 191 192 193
168
194 195 196 197 198 199 200
70
201 202 203
73
204 205 206 207
96
208 209 210
90
211 212 213
158
214 215 216 217 218 219
145
220 221 222 223 224 225 226 227
195
228 229 230 231 232 233 234
240
235 236 237 238 239 240 241
68
242 243 244
55
245 246 247 248
71
249 250 251
76
252 253 254
107
255 256 257
115
258 259 260 261 262 263 264
130
265 266 267 268 269 270 271 272 273
146
274 275 276 277 278 279 280
147
281 282 283 284 285 286 287
132
288 289 290
137
291 292 293
169
294 295 296 297
289
298 299 300 301 302 303 304 305 306
30
307 308 309 310
31
311 312 313 314
35
315 316 317 318 319 320
43
321 322 323
46
324 325 326 327 328 329
63
330 331 332 333 334 335
58
336 337 338 339 340 341
83
342 343 344 345 346 347
110
348 349 350 351 352 353 354
113
355 356 357
109
358 359 360 361
121
362 363 364 365 366 367 368
160
369 370 371 372 373
247
374 375 376 377 378 379 380 381 382
196
383 384 385 386
191
387 388 389 390 391 392 393 394 395
323
396 397 398
296
399 400 401
312
402 403 404
385
405 406 407 408 409 410 411
33
412 413 414
33
415 416 417 418
39
419 420 421 422
66
423 424 425 426
88
427 428 429 430 431 432 433 434
88
435 436 437
141
438 439 440
204
441 442 443 444 445 446 447
226
448 449 450 451 452 453 454 455 456
320
457 458 459 460 461
352
462 463 464
286
465 466 467
345
468 469 470 471 472 473 474 475 476
332
477 478 479
290
480 481 482 483 484 485 486 487 488
287
489 490 491
315
492 493 494
379
495 496 497
393
498 499 500
408
1 2 3 4 5 6 7
1
8 9 10
1
11 12 13
1
14 15 16 17
1
18 19 20 21 22 23
1
24 25 26
1
27 28 29 30 31 32
2
33 34 35 36 37
4
38 39 40 41 42 43 44
8
45 46 47
12
48 49 50 51 52 53 54 55
11
56 57 58
16
59 60 61 62
18
63 64 65 66 67 68 69 70 71
19
72 73 74
18
75 76 77
22
78 79 80 81 82 83 84 85 86
28
87 88 89 90 91 92
39
93 94 95 96 97 98 99 100
37
101 102 103
32
104 105 106 107 108 109 110
29
111 112 113
35
114 115 116 117
35
118 119 120 121 122 123 124
59
125 126 127
56
128 129 130 131 132 133 134 135 136
13
137 138 139
11
140 141 142
21
143 144 145
20
146 147 148 149
32
150 151 152 153 154
35
155 156 157 158 159 160 161
41
162 163 164
47
165 166 167
58
168 169 170 171 172 173 174 175 176
51
177 178 179
45
180 181 182 183 184
55
185 186 187
78
188 189 190
94
191 192 193 194 195
106
196 197 198 199
120
200 201 202 203 204 205 206
116
207 208 209
135
210 211 212
127
213 214 215 216 217 218 219 220 221
139
222 223 224 225
167
226 227 228
171
229 230 231 232 233 234 235 236
25
237 238 239
27
240 241 242
41
243 244 245 246
46
247 248 249 250
56
251 252 253 254 255
58
256 257 258 259 260 261
91
262 263 264
100
265 266 267 268 269 270 271 272 273
107
274 275 276
94
277 278 279 280
139
281 282 283 284 285 286 287 288
81
289 290 291
89
292 293 294
119
295 296 297
128
298 299 300 301 302 303
186
304 305 306 307 308 309 310
168
311 312 313
146
314 315 316
181
317 318 319
228
320 321 322 323 324 325 326
79
327 328 329
76
330 331 332 333
78
334 335 336 337 338
112
339 340 341 342 343 344
129
345 346 347 348 349 350 351
195
352 353 354 355 356 357
240
358 359 360 361 362 363 364
265
365 366 367
262
368 369 370 371
340
372 373 374 375
320
376 377 378 379 380 381 382 383
512
384 385 386 387 388 389 390 391 392
69
393 394 395 396
73
397 398 399 400 401
71
402 403 404 405
82
406 407 408 409 410 411
121
412 413 414 415 416 417 418
158
419 420 421 422 423 424
182
425 426 427 428 429 430 431
212
432 433 434 435 436 437 438 439 440
302
441 442 443
275
444 445 446 447 448
384
449 450 451 452 453 454 455 456
434
457 458 459 460 461 462 463 464
346
465 466 467
341
468 469 470 471
318
472 473 474 475 476 477 478 479 480
160
481 482 483
119
484 485 486
135
487 488 489
177
490 491 492
254
493 494 495 496 497
250
498 499 500
373
5 423 111 465 211 24
79
33 258 266 140 460 27
64
224 169 458 266 468 184 25 221
13
353 36 456 460 462 434 182 183
67
384 130 483 228 489 464 342 374 251 30
85
193 101 485 338 86
12
161 449 291 228 264 106 49 438 191
79
163 262 392 266 349
82
225 38 233 138 108 303 338 186
70
259 325 183 281 91 63
35
417 2 484 358 41 218 73 112 186
16
288 33 418 428 365 48 80 218 222 95
34
419 201 457 172 304 118 216 61
70
194 483 421 485 72 494 177 220
80
33 161 329 266 267 400 19 404 439 31
69
360 78 430 52 479
41
292 37 466 20 119
58
393 459 238 246 252 382
28
357 43 461 210 340 91
89
15 181 278 374 345
61
68 487 168 169 202 433
87
482 99 130 133 167 311 254
93
357 263 7 339 446
25
96 395 76 275 179 438 121
62
417 355 142 46 369 212 244 60 126
67
480 458 271 51 179 53 307 88 159
96
289 167 200 142 112 149
37
3 108 86 474 284
28
291 10 269 430 175 431 467 311 344 247
51
352 320 483 423 299 250
75
164 325 487 367 243 409 477
83
73 206 14 111 21
59
485 44 374 152 346 475 348 95
30
130 67 7 72 92
27
487 392 9 12 113 150 185 314
57
164 296 77 52 55 183 218 475
74
131 165 45 335 179 115 121 186
37
386 356 293 326 231 72 392 87 314 283
37
325 390 232 210 375
46
388 70 461 143 336 176 406
60
389 326 234 494 433 278 58 255
16
354 3 324 495 146 311 187 350 479
99
130 298 459 15 85 181
69
488 30 346 412 478
16
170 15 212 381 318
41
194 455 232 329 330 459 295 344 476
33
261 486 234 203 90 316 62
24
480 491 140 78 239 433 146 468 373 284
42
227 6 264 86 91
27
34 250 282 396 271 468 249 26 477
98
105 173 368 433 403
42
96 387 356 371 217 444
94
98 133 40 221 29
48
160 485 293 327 405 91
71
259 455 267 332 271 371 469 410 254
20
288 481 196 199 423 137 104 267 238 20
84
65 37 459 171 337 307 187 60 30
12
481 356 39 345 334 278 25 186 475
44
161 258 67 489 48 272 338 312 92
26
132 455 174 113 217
24
363 271 276 54 191
13
321 331 238 404 152 218 188 447
74
422 39 438 59 318
30
99 5 197 427 144 311 440 443 126
34
449 70 495 403 88 477 190
63
485 298 174 143 53 57 314 443
16
37 5 38 458 117 22 349
51
36 361 78 24 191
26
295 107 461 241 18 19 245 407 283 477
92
417 323 422 39 76 236 307 188 351
61
195 81 211 22 182 60 350
30
128 450 131 400 180 309
35
166 39 168 425 334 143
82
139 76 181 469 119 313 476
94
166 198 14 50 214 471 312 22
17
261 145 401 471 350
54
162 357 204 205 206 372 54 122 27
68
32 300 22 247 124
43
1 390 44 495 112 433 498 404 85 124
30
192 294 80 247 57 443
70
378 50 440 186 382
59
131 106 397 342 90
46
34 358 479 46 211 216 476 127
61
288 64 194 388 8 494 15 80 407 91
19
32 258 3 361 302 242 498 118 474 30
55
416 134 360 425 462 465 55 24
46
162 260 360 138 428 18 371 245 443
70
289 142 208 253 122 61 446
82
161 200 464 19 151 26
89
164 178 404 121 90 284
35
389 69 7 73 268 205 396 50 344 252
51
97 258 105 204 93 278 90 412 253 30
19
26 327 460 83 186
84
419 293 265 434 151 347 317
70
482 303 80 305 239 371 221
98
483 42 493 336 337 342 61 287
78
97 198 427 14 467 342 445 478
56
417 323 484 326 169 458 202 426 174 245
31
68 72 105 170 495
36
325 485 38 11 242 116 180 477 190
40
258 483 391 490 241 498 280 184
87
337 19 116 25 63
49
268 77 495 431 25 125 350 447
80
226 131 420 422 232 169 109 77 338 95
20
