1000
100
3 11 18 34 125 138 145 186 191 200 284 354 406 433 489 523 526 534 593 684 692 726 778 806 811 858 931 940 991 976
25
5 22 20 313 870 89 331 187 407 754 395 825 741 106 401 31 400
15
22 24 250 637 510 237 153
5
32 37 440 151 75 208 264 974 556 387 933 427 233 809 964 822 929 361 594 861 681 147 148 504 19 7 210 506 989 76 733 672 142 830 315 111 220 882 369 706 724 863 149 883 101 618 936
35
37 5 50 818 884 946 734 219 540 15 297 277 429 859 407 991 57 700 421 135 90 772 801 896 48 145 927 290 800 531 377 220 147 836 785 886 654 91 609 545 200 141 503 65 264 408 561 45 592 182 956 782 562 532 478 683 284 767 852 556 908 334 867 236 943 210 202 774 578 515 138 115 827 845 386 345 641 350 846 125 914 442 295 945 497 613 224 815 383 992 362 802 73 581 958 151 928 116 61 998 601 780 909 111 229 954 681 105 742 704 49 883 794 952 411 526 607 864 171 635 746 13 512 922 274 736 731 533 938 201 387 87 203 43 990 10 899 400 28 354 831 880 214 570 456 430 950 849 469 291 738 103 830 841 39 119 113 288 114 483 450 102 659 549
70
60 62 680 657 974 143 115 107 427 799 823 137 989 787 704 685 669 999 605 580 38 21 138 223 982 477 432 809 352 536 56 813 981 967 737 179 691 63 364 405 631 64 174 537 255 903 344 142 27 394 40 464 426 739 209 541 276 505
42
62 991 16 844 951 622 87 790 889 918 646 519 70 25 894 514 819 485 237 305 131 697 760 346 511 402 920 729 641 41 308 171 232 493 909 597 903 259 29 808 654 631 227 691 614 487 15 166 782 363 910 837 840 826 802 55 944 916 671 415 999 722 357 696 411 730 489 596 247 426
48
66 61 662 905 702 655 53 67 714 153 639 47 863 728 262 912 610 395 776 411 78 515 846 894 852 932 638 823 789 717 129 947 996 85 784 95 930 518 329 225 678 612 273 963 974 893 12 984 816 663 480 580 536 492 459 755 318 97 119 790 286 169 368 498 107 661 415 145 763 750 255 967 713 105 364 17 853 720 43 819 352 244 465 688 797 650 239 667 68 647 264 897 150 859 749 549 276 147 180 83 233 355 633 796 731 393 187 928 813 546 65 936 291 375 616 911 711 772 811 458 194 613 551 283 504 430 188 392 879 976 450 125 296 269 945 697 315 141 500 870 604 988 18 703 42 626 246 709 490 885 96 445 721 178 381 735 637 757 400 791 389 374 715 156 582 339 292 363 294 219 635 87 4 440 229 769 165 882 689 28 80 983 899 666 677 208 456 567 978 134 185 876 57 51 175 470 883 453 263 766 726 308 957 371 822 507 898 935 379 253 601 804 186 630 457 999 285 423 205 674 618 553 218 506 712 317 838 404 491 452 38 779 940 654 367 84 660 992 472 921 449 851 547 92 745 327 901 733 442 10 522 35 704 566 972 401 217 412 980 462 900 648 88 113 435 167 33 895 880 627 799 869 116 190 241 376 834 362 16 54 280 619 346 247 403 918 195 214 685 154 278 594 590 907 59 914 961 884 511 378 121 416 837 313 206 812 302 916 845 424 106 238 987 356 139 248 279 436 176 773 386 189 479 821 670 90 228 8 780 521 734 520 64 483 970 611 438 534 691 977 388 102 20 69 785 242 841 397 528 768 325 254 512 920 579 334 177 422 744 840 706 687 196 874 653 21 929 86 161 793 2 89 29 232 140 354 583 118 598 891 739 431 581 158 818 427 556 496 680 537 794 938 700 348 204 925 754 135 759 171 543 843 865 764 850 373 484 564 25 370 968 867 934 729 557 815 710 673 939 108
160
74 66 421 176 778 53 58 563 31 864 701 852 863 639 403 417 209 312 75 552 376 530 234 203 680 751 82 138 525 743 779 422 48 273 45 465 210 547 302 868 201 200 738 352 764 574 28 711 8 566 283 451 35 978 372 898 407 931 697 301 296 935 347 427 835 732 79 4 884 955 487 253 440 198 804 72 444 121 428 97 605 500 555 514 464 981 784 471 753 497 720 389 365 619 902 325
40
77 94 98 99 31 324 96 527 737 376 53 587 829 826 965 23 742 201 249 875 683 542 918 364 681 791 202 637 659 158 223 656 213 236 635 58 92 992 864 225 741 594 952 989 858 452 640 959 657 823 734 162 110 691 908 720 647 406 898 977 9 707 54 261 718 600 601 703 195 100 473 804 137 52
33
109 112 692 845 523 582 929 612 645
7
112 117 210 924 957 764 948 164 198 571 885 580 219 450 599 854 876 738 278 880 617 386 445 891 865 384 944 275 751 184 562 428 233
21
123 124 1 26 639 514 919 36 590 751 194 772 192 320 378 363 750 262 343 598 282 1000 322 977 270 915 573 657 620 403 436 890 212 958 981 479 198 611 722 383 681 563 181 695
27
127 130 132 757 841 106 30 273 791 868 454 331 195 290 599 729 250 711 457
19
146 501 601 967 671 178 426 64 238 571 137 723 468 293 301 917 597 429 353 347 595 56 9 314 842 933 642 769 36 560 785 644 825 829 921 766 237 573 119 182 517 884 81 959 549 416 869 332 666 434 394 844 719 209 944 953 442 82 515 558
80
227 95 252 936 318 576 102 235 44 840 771 993 860 998 605 598 675 47 215 381 11 419 105 104 75 88 92 458 872 957 907 431 303 147 674 17 386 261
40
157 160 168 481 282 367 806 47 333 264 517
5
207
100
173 183 295 455 974 433 880 963 556 581 443 366
14
193 221 302 23 201 856 663 936 862 787 756 498 661 824 488 260 496 861 354 773 868 994 394 610 951 771 465 698 731 821 685 211 134 580 495 885 943 155 754 531 657 794 507 934 598 264 631 970 278 814 659 43 164 54 67 86 710 482 799 197 700 228 672 853 857 587 938 521 460 996 514 822 93 240 727 69 988 141 725 373 147 206 429 978 355
44
230 183 331 343 858 351 212 783 200 255 707 83 947 152 659 502 169 720 976 348 654 258 824 945 339 672 330 453 979 596 85
62
231 257 324 139 327 856 920 641 969 27 420 295 613 902 415 423
25
265 266 349 929 874 203 323 579 89 399 684 347 966 334 186 150 199 253 734 480 370 148 736 526 982 753 361 178 926 739 206 931 244 63 869 821 387 332 355 690 96 607 151
60
265 842 388 560 260 138 586 975 893 328 694 243 354 436 557 760 914 44 941 658 768 384 1000 676 936 417 92 806 800 533 729 282 256 965 588 856 46 320 834 595 451 828 824 649 409 502 718 61 613 589 869 724 596 845 118 833 608 478 605 777 815 276 499 753 918 111 655 622 997 468 765 723 598 597 875 84 45 497 120 719 945 519 732 656 119 621 789 133 967 34 628 185 991 739 189
97
268 647 85 364 762 45 203 90 195 997 548 142 249 745 921 247 515 383 572 286 46 711 657 890 82 837 883 175 282 159 730 186 217 116 177 829 495 633 399 370 678 939 148 299 210 407 995 733 423 343 569 317 741 105 923 594 222 388 33 377 35 393 227 902 122 397 344 895 945
58
271 466 826 95 582 820 134 195 697 981 708 1 191 201 943 176 984 88 238 970 997 51 58 116 254 887 300 587 71 838 471 283 908 595 236
46
281 298 304 13 254 522 70 708 27 832 861 396 586 519 698 948 859 868 864 759
13
307 311 316 319 321 326 863 527 39 129 811 928
73
326 335 336 332 488 359 809 6 710 913 216 641 694 7 794 812 444 33 49 791 516 847 44 402 953 661 314 395 674 881 535 622 303 837 548 919 354 104 930 148 219 243 226 323 438 339 599
74
335 337 338 507 882 301 774 293 652 14 848 238 241 545 509 666 606 780 577 715 794 121 236 310 549 572 228 216
69
341 358 360 28 499 638 332 403 802 339 226 261 342 770 170 212 877 229 897 676 509 679 702 965 262 585 217 362 420 396 13 431 759 831 163 536 421 544
35
360 382 385 319 89 426 854 768 867 755 881 587 787 583 81 707 935 323 648 825 359 855 93 941 976 736 595 450 171 144 357 85 1 142 373 989 584 370 482 536 668 379 772 364 958 764 954 442 224 306 460 234 947 10
45
390 391 398 503 700 914 455 108 474 454 829 116 333 942 84 710 777 576 110 628 303 89 722 803 573 141 469 806
30
410 413 414 261 150 251 545 214 352 287 244 228 411 138 782 592 15 377 8 970 869 940 399 668 548 553 885 495
35
418 437 867 917 663 325 730 632 929 613 609 905 970 768 644 114 140 1000 986 450 288 510 856 164 807 995 965 87 166 871 310 744 195 102 470 796 928 691 654 128 185 693 136 245 100 862
44
437 439 652 92 826 938 222 747 330 805 35 969 203 425 462 246 152 875 217 631 504 664 817 118 332 738 737 497 711 288 985 315 963 262 33 184 709 920 380 820 581 394 931 340 855 952 897 207 433 242 54 991 639 953 393 280 384 844 172 971 48 611
63
441 446 447 6 552 968 208 514 289 895 763 305 31 295 957 792 806 543
10
461 267 272 708 57 496 180 399 323 348 502 394 963 395 714 104 750 477 138 702 261 679 615 222 628 587 309 51 245 625 975 533 728 992 205 818 737 870 796 585 179 985 771 292 876 64 646 181 551 140 668 164 535 293 175 515 42 255 442 711 471 460 95 48 872 166 738 649 322 247 764 344 935 376 433 705 494 126
50
419 116 475 656 938 162 106 197 215 876 719 975 169 452 878 601 152 375 576 520 768 827 717 691 63 831 851 537 264 399 560 619 918 415 138 982 801 6 58 944
33
372 414 539 842 266 761 84 460 990 412 200 836 786 142 642 834 529 552 72 143 330 717 332 527 29 941 11 544 691 92 247 531 875 76 846 716 282 272 103 451
27
184 893 176 48 764 150 334 6 734 579 131 982 876 203 808 190 279 537 489 656 352 658 710 817 298 790 647 159 210 447 197 616 110 391 882 903 941 146 970 284
37
13 164 674 958 188 414 427 161 617 132 135 468 144 950 495 756 857 92 601 411 245 724 538 55 884 366 150 288 428 990 804 974 501 552 615 942 662 636 214 42
55
209 238 426 406 105 559 465 972 162 175 771 179 577 531 441 797 33 292 970 306 15 815 854 688 66 672 166 206 329 872 620 844 535 42 249 54 532 864 210 808
20
925 313 987 32 914 365 975 446 28 41 13 857 212 663 555 908 891 347 838 560 416 880 319 424 523
15
524 596 924 391 995 888 478 991 918 24 44 321 97 674 580 575 826 514 348 156 161 430 64 190 255
33
198 247 157 956 386 894 296 259 221 128 616 913 45 358 796 862 94 687 236 973 831 229 633 349 196
24
209 437 314 353 994 424 49 890 916 825 442 507 588 966 42 14 610 83 288 483 375 872 204 646 401
36
448 463 467 476 486 508 513 550 554 565 568 591 602 603 623 624 629 634 643 651 665 682 686 699 740 748 752 758 775 781 788 795 798 810 839 866 873 892 904 906 937 949 960 962 957
50
170 445 188 347 702 292 387 556 818 525 578 87 501 910 237 837 594 648 259 620 269 792 776 431 846 290 693 213 313 459
24
785 937 81 165 580 332 126 381 202 927 57 603 584 457 398 495 395 508 136 928 894 899 154 55 430 153 500 382 220 147 830 660 389 70 498 465 90 809 159 712
42
352 201 918 136 157 54 110 735 555 540 345 722 304 863 868 370 302 579 810 129
70
286 505 813 622 862 988 578 420 40 764 470 281 256 674 422 606 237 248 59 865 389 718 145 118 110 149 954 805 224 315 858 561 832 559 861 506 462 837 571 956
33
577 59 121 432 651 29 647 779 214 100 808 560 817 880 607 767 961 242 685 167 681 594 683 45 572 147 472 28 877 272
25
449 399 536 613 859 639 426 800 1 568 724 980 537 647 701 208 256 992 569 185
44
159 862 875 292 455 941 150 335 375 459 643 627 391 830 822 853 635 404 631 917 659 924 470 144 770 240 269 995 153 477 544 285 257 927 35 287 563 231 819 200
81
656 420 403 794 942 606 263 213 393 756 785 242 483 13 926 415 955 682 363 607 948 27 857 896 369 362 985 654 2 461
36
639 128 1 347 459 384 859 260 938 358 38 118 465 322 699 463 984 422 651 18
35
452 316 47 367 307 470 796 652 257 681 535 548 711 215 524 869 304 446 789 672 387 985 404 791 174 760 115 806 21 218 30 684 778 562 187 461 767 887 970 775
17
917 13 96 980 214 910 163 69 223 427 709 197 43 494 296 213 314 881 753 607 871 422 953 977 616 868 210 514 51 62
34
941 610 304 15 744 217 38 416 320 633 715 294 821 865 800 526 808 747 274 101
38
64 844 362 550 991 615 955 515 181 734 908 943 560 745 409 37 190 271 368 458 60 224 388 775 549 659 591 597 590 76 663 298 830 343 412 411 674 511 187 978
42
611 35 499 964 345 777 681 234 520 434 631 115 516 486 773 715 623 423 761 77 418 956 441 414 437 687 702 129 243 232
23
657 868 143 653 394 229 525 123 618 746 270 240 401 556 567 760 360 352 461 716 398 332 658 729 494 425 671 482 148 472 829 53 517 617 276 844 438 973 508 563 154 368 60 663 707 904 435 78 899 362
50
587 881 610 490 270 333 162 467 274 104 255 179 137 340 620 190 911 394 22 357 159 253 146 466 3 504 128 986 19 213 765 662 901 603 925 151 176 669 506 383 835 289 501 316 794 585 657 358 938 131
55
84 528 154 209 595 819 639 960 200 759 139 918 441 27 817 820 644 121 421 253 291 735 959 945 543 470 816 943 114 366 900 379 317 165 587 472 445 781 281 590 520 458 885 150 375 862 953 919 772 567
40
225 47 121 985 523 999 32 608 538 940 578 201 465 263 169 614 526 896 874 187 824 921 254 283 508 571 703 34 211 749 157 669 467 859 378 183 925 830 80 575 377 167 277 565 638 270 525 640 383 600
46
833 768 267 335 838 360 676 619 394 357 520 89 495 286 62 321 389 145 853 86 739 781 664 123 30 34 966 324 883 525 951 573 450 391 843 291 313 146 486 214 666 685 568 285 206 502 589 944 922 147
27
614 786 538 489 495 782 694 904 509 461 236 889 601 408 277 122 583 746 666 529 173 278 564 91 783 134 340 927 264 665 804 433 128 220 977
33
896 808 731 768 512 597 944 28 160 554 255 206 812 575 663 438 745 273 633 568 270 205 374 377 587 946 325 823 646 336 150 985 941 676 16
37
459 484 115 68 364 936 345 991 714 981 57 448 83 582 80 741 441 398 505 241 285 564 899 559 143 907 468 960 573 420 634 687 280 955 113
41
66 211 473 509 215 656 257 638 728 637 184 128 368 380 185 60 730 157 587 137 249 597 591 936 997 817 766 6 95 588 162 51 55 750 412
39
419 817 391 100 786 315 153 43 543 78 471 287 806 281 375 218 246 889 81 49 34 296 535 169 839 693 371 969 650 840 433 96 8 248 695
55
364 617 1000 222 669 785 515 833 13 792 711 822 522 986 721 440 356 686 733 450 353 319 242 765 578
24
90 754 23 797 512 479 484 274 266 399 583 851 421 978 191 547 209 133 806 996 817 77 767 871 500
26
209 139 402 200 637 695 523 300 837 913 765 151 49 946 259 886 741 978 150 67 720 894 604 851 961
30
135 99 268 406 802 213 160 697 262 729 75 604 34 172 366 83 721 3 567 284 997 378 981 154 377
25
702 720 466 784 289 633 124 547 402 414 721 378 535 692 945 464 25 620 928 819 826 932 270 281 257
20
197 429 817 142 144 87 65 959 62 72 901 767 280 222 136 215 786 573 323 12 900 260 427 191 469 20 579 578 19 169 760 417 325 728 861 414 183 970 447 517 330 741 814 933 621 563 795 804
32
974 470 237 486 721 354 184 999 359 412 953 289 873 144 49 479 584 528 251 871 422 35 180 48 450 326 196 387 173 629 798 316 389
40
445 933 512 441 581 784 854 176 789 12 427 465 459 525 288
10
552 837 460 154 144 694 495 780 63 637 437 474 93 489 287 792 265 343 689 321 720 825
22
896 938 443 647 757 823 503 989 788 265 223 736 336 206 171 960 188 143 899 243 194 581 897 601 559 181 116 605 324 447 860 923 842 671 808 515 489 500 178 582 332 72 395 768 760 325 94 713 728 880 13 912 778 170 510 595 357 594 959 429 562 828 505
65
243 888 764 404 913 183 760 174 87 581 611 704 668 395 154 866 336 926 868 749 894 583 768 933 925 494 199 893 135 116 825 703 185 577 200
40
719 269 239 313 102 538 403 126 999 786 375 208 61 367 923 572 39 860 504 255 462 373 467 886 670 827 616 148 870 699 669 864 147 73 103
20
277 688 685 757 722 333 490 222 684 683 625 952 609 522 80 798 463 788 129 724 295 735 1 65 433 657 920 81 720 929 422 930 910 797 834
55
507 735 24 548 256 88 20 467 505 482 649 15 393 12 769 925 159 816 738 391 498 124 895 23 470 898 612 839 632 410 112 242 42 822 539
43
904 381 840 702 735 698 591 657 719 135 151 44 73 543 830 355 642 327 77 276 35 206 37 597 821 958 775 466 861 165 268 424 309 371 448
54
111 473 748 244 925 298 367 242 490 574 441 811 104 933 863 189 376 930 377 279 385 245 53
11
796 600 641 791 82 763 233 307 396 94 124 57 364 289 85 240 720 691 748 754 471 411 251 797 952 889 178
35
786 994 359 127 333 585 741 860 972 85 959 170 58 90 43 493 516 501 612 350 800 441 764 463 843 208 886 385 889 37 913 984 357 209 707 486 181
45
653 615 591 174 933 149 972 610 547 261 444 75
5
654 766 699 140 732 170 857 452 714 981 819 445 406 45 607 41 830 386 425 550 719 671 843 711 904 866 253 570 73 399 179 588 291 963 108
23
339 973 987 185 632 649 239 73 288 501 969 4 811 237 81 447 403 896 117 223 636 513 466 873 590 942 560 353 812 781 916 877 578 132 988 678 175 136 640 506 298 394 291 502 378 599 827 302 627 834
65
147 230 67 64 168 119 459 45 103 371 814 4 554 177 711 322 99 685 691 160 501 264 225 754 125 654 908 765 383 697 437 745 51 950 163 676 996 914 2 358 367 902 935 556 347 174 403 442 438 849
40
137 235 190 925 885 89 491 18 543 965 203 394 317 104 55 843 179 278 368 895 765 217 931 361 819 332 59 198 371 11 455 66 218 370 91 649 657 997 346 464 519 227 718 160 952 256 677 470 547 282
50
671 71 633 163 834 360 774 368 869 771 573 983 257 177 531 167 458 597 123 903 434 939 796 5 849 93 784 810 87 498 12 638 630 453 278 911 524 176 812 454 905 48 804 161 492 661 674 594 637 18 206 972 609 385 969 793 208 20 311 768 334 617 2 871 106 122 245 240 465 217 538 763 193 73 518
125
574 688 734 287 990 738 860 337 888 605 216 204 187 294 823 244 411 897 856 71 632 762 473 671 328 626 843 862 117 972 493 26 90 332 563 999 296 464 344 882 989 80 175 286 323 799 141 462 575 99 16 736 603 609 299 190 424 765 916 819 694 545 102 625 933 857 35 414 804 949 59 981 432 149 710
138
322 746 749 448 867 99 771 473 377 210 857 752 497 449 796 247 314 959 190 812 282 200 85 891 850 880 982 94 552 274
30
469 990 250 584 640 754 321 617 772 432 183 573 315 394 282 806 393 529 877 60 967 47 523 790 448 359 777 758 825 735
32
434 393 616 585 529 411 624 557 129 380
2
