998
498
585 170 727 750 846 341 375 600 794
649
675 714 782 944 401 210 316
409
929 67 841 651 112 436 411
901
321 910 821 761 828 414
534
614 362 853 123 478
696
705 322 961 873 718 815
269
547 70 618 206 272 561 469 663 824
954
418 645 74 45 944 56 793 986 669
650
202 299 651 206 111
708
768 322 583 839 939 13 818 989
218
577 586 235 810 48 820 443
642
193 869 556 558 913 627 219
585
679 522 747 52 792 794
558
576 515 804 921 997 467 535 825 26
771
583 687 753 274 818 280 572
686
971 883 339 182 61 926
85
898 451 554 271 976 947
97
358 903 461 45 621 979 438 154 735
71
650 77 410 375 473 58
311
673 232 616 777 660 694 286
230
496 466 402 275 628 602
213
682 429 213 342 729 863
180
736 481 163 680 428 957 691 952 765
838
707 553 656 209 31
346
865 966 782 560 983 443 348
464
418 485 231 940 914 313 639
911
832 259 841 426 781 148 283 639
668
96 3 711 472 380
849
609 840 41 435 504 154 540
878
388 455 201 270 655 750 338 596 117
896
548 810 365 653 370 312 218 735
70
518 50 789 760 730 606
122
992 509 738 304 17 152 153 93 478
673
740 197 903 753 469 501 22 953 220
767
770 229 815 49 723 664
183
416 354 867 361 690 825 473 730
835
97 804 646 105 362 812 830 191
42
676 229 646 199 880 178 791
32
164 742 564 472 666
126
71 264 937 946 917 502
626
227 485 872 873 337 565 88 473
713
869 775 427 666 159
92
960 1 292 388 72 631 696 828 29
296
866 615 332 474 668
580
160 707 998 359 8 941 495
592
902 40 681 331 716 16 786
514
64 778 811 975 912
74
485 810 15 432 592 178 407 639
400
195 230 76 112 658 436
890
162 228 804 103 907 428 273 725 828
672
448 657 627 436 21 918
530
769 394 947 346 731
329
796 710 334 720 848 376 26 444
69
32 552 106 81 918 856
355
1 837 40 755 52 660 821 408 409
428
612 548 330 622 686 85 630 537
461
450 836 471 600 954 92
996
993 34 771 111 149 150 285
780
482 679 329 140 207 595
435
202 267 749 634 383
363
355 554 824 850 276 822 599 88
915
749 782 112 179 891 254
279
4 677 75 45 304 156
732
928 673 646 205 86 318 127
823
513 388 586 749 976 946 538 122 255
449
899 913 370 853 282 734
848
388 134 742 942 316
560
897 294 298 332 334 58 541
586
706 977 658 696 922 763 92
345
897 36 68 554 331 907 853 183 283
292
352 581 492 174 814 785 659 669
525
451 76 911 248 764
691
807 814 755 213 888 633 538 318
565
512 577 131 464 498 982 734 607
650
169 268 79 336 339 854
414
257 137 109 246 537 730 826
598
162 133 423 875 524 204 695
150
995 356 716 685 23 955 732 573
533
96 679 744 840 395 398 605
811
64 320 105 207 767
802
845 80 726 28 990
254
631 712 842 587 433 978 212 535 28
63
609 422 305 468 728 254 415
858
40 780 847 722 184 347 732 829
642
448 933 103 877 434 409 604 318
904
736 5 550 724 252 703
90
736 2 263 72 463 182 890 603 349
290
449 293 655 721 788 311 29
285
869 359 327 14 785 114 51 694
505
449 290 36 942 467 534 953 860 189
288
612 774 813 689 53 473 414
763
642 905 850 757 664 826
873
648 233 875 812 974 751 305 283
208
737 867 841 554 781 406 477
562
33 483 112 149 885 699 540 349
443
613 233 907 174 272 313 378 252 959
125
320 802 71 111 47 915 509
883
707 712 333 278 220
960
422 140 851 54 598 25 698 668
823
583 747 12 818 693 511
159
70 488 713 205 333 530 52 853 189
551
321 649 554 811 976 851 278 153 379
567
33 42 300 973 406 118 412
470
233 750 145 786 153 250
103
641 739 773 945 275 118 247
160
258 419 293 710 441 440 25 414 735
289
928 706 389 933 939 173 848
331
324 519 264 839 497 881 787 187 734
906
288 864 450 195 133 985 443 764
888
806 936 656 470 55 377 895
543
465 274 561 949 216
513
963 806 174 565 790 407 862
873
648 491 528 851 373 343
753
509 994 771 808 461 238 893 16 381
564
131 420 358 396 237 600 762 542
968
609 878 307 148 696 729
913
453 37 264 648 505
691
995 328 234 909 336 789 89 124 734
192
512 195 997 626 819 884 215 733 574
109
851 22 922 219 252 543
192
521 810 590 175 503 475
907
643 38 296 499 468 758 407 282 860
130
131 227 746 691 467 761 665
837
972 461 594 533 634
548
416 737 768 934 71 649 152 509
371
353 868 229 166 905 428 464 50 147
367
773 719 625 218 639
104
514 293 135 807 332 917 252
900
5 814 46 208 624 859
508
421 653 208 278 567 600 863
116
423 844 558 147 21 181 566 381
540
320 545 708 843 141 974 756 21
799
420 551 650 943 565 574 383
268
385 901 744 301 77 534
346
546 676 100 144 218
570
898 357 37 678 201 251 638
178
228 529 374 987 573 606
132
546 811 142 655 847 824
327
772 68 133 695 856
897
617 524 786 186 987
670
800 641 460 462 698 572
762
584 395 847 536 223
26
225 899 138 490 780 141 430 253 31
849
448 419 900 616 269 51
324
386 803 228 882 26
930
38 167 454 297 712 236 431 728
271
900 552 559 53 217 795 476 894
298
449 165 455 616 627 569 411 30
741
833 291 484 490 75 78 669
838
360 905 397 335 976
663
706 996 201 471 440
223
709 934 362 342 887 184 831
282
106 174 145 817 83 892
850
513 6 74 106 717 798 822 377 414
72
933 814 398 591 404
615
549 262 327 200 901 266 76 816 317
683
608 65 129 773 456 329 633 148 409
756
706 34 602 314 251
576
356 522 887 432 949 215 575
838
581 872 620 753 437 343 728 958
991
579 932 517 613 398 147 378
261
324 140 925 658 760 860 125
221
672 164 210 531 570 382
535
803 967 205 369 946 881
302
192 419 69 426 781 786 692 223
145
64 167 8 650 877 20 472 607
863
448 874 941 790 119 280 950 666
633
839 328 244 120 187 605 702
930
321 610 740 678 621 303 500 757 279
549
610 263 681 362 652 271 27
839
288 518 500 629 630 855 733
642
960 70 238 143 398 149 566 661 223
157
321 325 586 434 829 926
126
199 616 809 968 176 752 984
604
486 265 361 16 722 308 923
810
69 232 872 180 789 981 601
55
295 264 701 247 153 667 221
274
608 546 83 55 315
712
38 966 552 110 855 408 633 763
216
35 135 780 467 980 857 827 893
710
226 361 243 28 158
200
739 965 135 299 559 568 538 926
705
870 422 651 274 600 959
996
516 489 553 184 189
353
355 390 678 717 146 597 22 349 991
893
98 326 457 810 721
298
647 329 778 970 438 87
119
515 518 231 564 951 825 763
97
448 450 523 367 185
657
961 43 722 82 952 926
431
290 136 177 920 57
511
324 580 6 777 45 659
906
896 599 200 556 17 628 149 151 217
367
741 166 582 521 107 957
128
164 805 84 503 249 926
108
804 198 9 203 399 147 919 377
746
654 239 337 372 948 762
607
748 879 883 916 757 510
413
835 677 905 363 331 111 411 28
551
131 963 590 758 958
736
34 99 130 648 329 872 113 311
649
97 803 743 109 79 757
409
288 512 910 978 244 542
317
132 92 463 252 124
114
510 938 12 823 446
466
994 935 815 593 723 342 727
284
386 580 105 174 61 575
871
256 161 642 393 973 310 155
177
352 704 711 171 313
532
772 974 759 632 987 383
562
397 727 248 797 287
489
128 449 739 6 909 368 702
941
868 101 391 41 810 363 619 494 18
919
832 548 556 496 341 725 439 668 351
515
161 163 646 743 235 561 114 149 954
172
969 684 12 332 914 568
910
389 74 627 344 954 476 575
962
930 908 846 783 506 953 442 763
644
327 200 555 566 569
66
801 517 69 870 972 560 223
723
706 294 587 783 793 574
839
898 236 525 239 473 731
704
390 41 971 302 367 437 535 223
92
992 866 39 425 971 172 309 601
996
772 73 366 469 381
206
451 356 7 233 42 714
403
608 321 226 673 14 122 316 62
590
96 321 963 489 973 526 821 447
716
160 196 969 170 842 30 861 94
824
420 565 278 921 413
875
484 102 685 749 436 601 286
708
289 899 485 781 176 978 211 570 988
30
323 644 931 78 465 83 859 957
171
802 132 362 568 697 926
913
487 745 506 730 732
938
480 962 563 855 665 958
105
420 230 776 780 660 308 989 991
780
802 933 77 307 245 277 120 123 671
362
640 266 880 603 731
701
101 168 137 811 269 717 146 117 159
986
194 485 70 719 48 726 377 188
90
257 504 139 247 344
477
258 356 106 364 238 52 988 93
727
995 424 268 55 185 571 414 31
278
177 948 309 823 347 637
520
33 483 548 520 777 906 884 471
525
352 513 69 955 237 690 635 764
776
672 362 524 561 115
99
34 547 170 78 271 534 127
745
258 259 102 459 493
631
365 915 948 756 473
801
964 940 909 668 447
588
801 44 654 239 507 735
74
996 428 781 596 126
345
996 937 681 657 222 799
865
11 974 562 564 26 60
840
224 100 517 903 663 9 714 439 376
521
168 372 920 411 125
474
321 614 172 588 853 378
206
322 489 331 555 623 670 447
677
544 4 871 940 271 888 440 156 927
136
897 647 619 396 689 849 341 345 636
676
967 945 628 597 984 377 31
600
642 753 50 215 284
351
291 740 326 136 520 369 699 156 29
797
128 192 11 181 953
258
455 776 171 753 979 345 701
315
1 773 796 529 499 439 568 572
680
320 3 100 624 18 90
273
545 487 460 916 477
468
933 583 488 906 462 87 761 508 157
747
896 198 391 873 330 653 305 531
600
608 101 396 722 149 24
704
674 964 621 590 240 662 886 504
449
964 519 107 396 822 155 766
780
424 10 172 462 151 921 859
942
962 579 593 18 858 670 895
184
353 709 522 727 190
89
288 422 235 110 180 506 891 858
593
641 40 392 115 438 639
795
192 964 305 82 148 278 537 27 510
657
777 810 523 315 249 283
88
939 429 243 117 29
73
932 881 570 794 956
488
198 620 909 784 241 246 508 93 543
577
224 289 387 327 456 530 405 118 437
192
261 876 306 438 25 826
500
130 324 12 527 561 951 726 183 825
626
682 108 823 751 983
64
642 783 276 635 157
601
560 657 61 467 853 535 219 125
997
66 242 724 820 118 953
148
107 882 345 539 94 223
636
330 651 973 143 532 662 701
335
737 262 104 840 298 554 784 83 285
206
929 618 970 623 530 86 539 603
216
35 932 134 968 116 701 542 799
542
174 655 464 87 543
23
322 266 598 59 124
522
992 258 715 986 156 477 445
591
121 816 55 441 283
687
385 196 701 264 595 727 857 669 95
319
272 401 886 538 572
138
260 496 19 819 281 571 94
100
578 742 870 532 310 216
306
448 225 131 585 841 983 952 607
534
653 685 403 501 536 827 446
505
744 137 203 942 879 400
877
803 399 404 571 991
79
770 522 331 427 715 622 662 726 790
50
834 319 806 873 429 438 281 735
17
386 611 578 866 688 214
106
834 772 838 774 245
22
643 809 272 626 371 566 409 700 605
180
322 522 299 108 337 819 347 157
247
417 489 330 779 988 15 440 764
219
835 683 715 589 748 507 123 284 414
55
451 904 649 53 699
293
687 752 913 402 924
23
898 296 650 52 85
885
678 966 844 786 628 889 285 190
925
997 584 492 754 58 187
660
225 675 42 298 150 759 799
396
2 966 372 852 91
522
384 481 704 868 857
318
67 452 651 340 282 922 479
101
516 362 813 14 303 337 689 439
597
679 903 458 650 972 494 339 795
343
772 391 277 950 829
726
353 452 167 405 927
500
674 612 549 102 687 911 948 313
965
840 684 557 755 981 251 350
976
672 637 237 535 444 189 63
303
258 166 207 658 116
655
477 431
908
608 738 905 57 827
330
711 44 429 782 504 765
536
27 76 622 215
578
392 555 302 690 467
81
353 754 969 341
710
425 910 309 986 894
710
528 608 342
29
389 974 752 145 442
43
868 357 205 243 915 700
221
58 967 791
576
673 675 112 253 798
464
728 776
281
192 667 276 952
397
288 806
706
679 258 63
770
353 359 554 875 687 985
439
796 584 682 152 636 63
364
580 358 491 652 88
810
690 489 2 657
737
262 904 493 78 314
793
586 231
942
72 30 631
108
316 343
222
736 196 461 337 62
66
97 617 663
149
8 97 142 334
395
624 425 469 126
918
614 234 468 824 317
950
257 327 911 790 568 223
708
891 66 555 532
646
648 718 405 672
642
592 818 60 287
315
837 661 852
878
97 322 743 305 854 185
626
707 325 506 341 151 90
975
89 147 443
436
726 262
430
712 362 528 306 317 510
293
660 186 314
504
597 517
826
482 380 206
539
27 660
599
984 970 486
53
837 71 967 724 25 731
892
104 451 749
723
994 187
455
528 137 243
193
480 787
510
482 587
296
165 311
982
105 530 741 918
142
425 650 423
800
304 259 615
42
168 169 523 527 730
727
216 227
210
612 583
147
228 905 173 440 827
316
210 141 421
856
482 350
539
161 98 213 822 984 889
214
453 582 311 539 667
377
418 967 725 438 791 505
687
769 980
726
130 710 852 153 700
227
706 359 397 530 407 733
780
961 99 971 784 758
489
556 695
338
261 681 783 563 124 95
353
296 786 381
42
898 707
979
42 994 805
667
817 394 395 790
902
553 734 278 159
186
146 235 238
802
978 214 639
526
435 486
321
806 559 465 787 981 892
919
868 228 399
872
726 519
290
846 500 984 792 699 831
19
871 520 335 765 351
568
376 610 916 858
108
548 743 529 533 283
201
587 717 495
784
632 153 475
319
905 645
717
34 653 146 245 949 763
542
67 774 483
66
440 668 854
954
928 36 649 211 405
449
73 141 6
647
40 650 331 915 351
23
41 404 358 543
140
928 101 973 246 791
231
838 809 714 204 140
642
704 227 296 302 916 988
82
547 650 20 182 412
166
296 465 772
64
116 828
290
810 870 244 462
30
59 805
631
901 331 916 985 635 573
663
851 563
572
155 452 949 398
757
932 588 861
855
192 832 557 462 319
690
469 857 261 110
107
817 746
148
568 690
292
972 516
124
379 780 950 447
847
400 946
808
67 420 905 558 345
394
159 203 389 63
470
426 589
952
40 67 47
472
769 913 740 205
659
256 129 474 572
783
782 911 146 755 341 728
61
929 994 325 665 764
249
281 751 319
326
474 428
120
618 596
828
976 518
80
8 376 879 407
872
296 553 172 333 831
880
452 751 466 437 858
615
41 69 133
66
154 355 491
399
644 872 684 305 986
127
28 119
102
777 540 935 815
20
232 381 884 125
803
72 257 843 152
939
337 692 414 711
465
6 486 842 301 561 987
282
818 11 438 739
223
152 777
740
992 482 295
946
676 982 26 699 860
419
417 70 72 757 190
419
320 868 38 140 567 606
391
177 476
834
400 451 980 845
130
265 790
416
385 511
699
805 518 907 109 754 725
562
642 484 77 526 497 692
557
109 150
273
802 526 911 53 988
448
129 770 389 364 366
101
705 45 223
639
66 199 73 469 285
206
631 360 272 436 919
288
698 500 447
146
65 102 813 81 20 631
978
232 690 613 230
823
569 724 341 550
977
929 202
196
663 916 478 47
742
943 379 747
115
953 492 494
666
103 882 154 157 830
505
