200
200
1 5 10 42 97 98 130 144 161 175 177 181
213
2 3 26 84 116 121 156
884
3 29 36 37 48 59 60 70 75 91 94 100 178 198
603
4 44 60 64 74 93 94 101 102 114 119 121 139 152 162
367
5 4 34 43 92 93 117 123 157 159 170 192
26
6 19 25 29 32 42 47 91 175 180 187
756
7 12 13 72 73 95 108 115 120 124 126 200
931
8 1 9 22 35 53 58 63 73 82 100 108 118 119 134 150 181
108
9 109 118 138 156 162 164
872
10 19 57 65 98 136 139 160 164 189 191 192
317
11 34 42 75 77 78 80 85 118 139
924
12 10 13 20 35 65 72 90 111 124
255
13 4 43 58 65 95 104 128 149 152 165 173
582
14 3 17 50 102 112 132 149 164
670
15 8 29 33 37 44 61 72 74 76 129
558
16 35 69 125 164 178
745
17 6 30 106 121 150 164 170 183
855
18 10 51 56 80 148 160 161
875
19 5 64 90 144 150 159 164 191
384
20 34 115 120 133 148 169 170
473
21 11 20 34 57 111 135 143 160 172 180
786
22 49 55 78 149 163 190
221
23 17 48 69 77 90 158 173 182 188 199
281
24 57 88 95 111 155 162
707
25 6 38 50 95 124 129 172 185
599
26 3 24 90 115 130 169
508
27 24 40 71 78 91 95 140 169
482
28 36 43 59 61 71 90 132 170 172 174 180
848
29 18 22 49 83 120 140 149 150 187
334
30 3 35 39 49 57 64 72 92 97 123 141 145 158 169 177 194
832
31 10 36 39 93 115 116 163 170 184 200
286
32 35 41 53 63 73 76 117 120 123 133 164 192 200
162
33 40 50 58 61 66 78 86 124 174
569
34 29 46 63 84 137 159 196
537
35 58 65 68 75 78 143 195
133
36 7 20 44 46 74 92 134 147
296
37 25 33 123 175 186
929
38 34 63 149 171
169
39 27 51 86 98 107 117 145 181
684
40 1 12 67 90 93 96 122 170 191
416
41 6 49 99 169
457
42 22 93 106 117
751
43 1 24 31 58 62 71 86 140 191
234
44 6 21 48 58 101 143 184 189
315
45 5 22 24 61 95 126 156 159 186
196
46 12 50 59 75 139 177 181
921
47 37 53 69 115 131 153 173 180 182
82
48 2 8 24 28 47 87 88 99 109 116 118 172 173 176 197
603
49 82 127 135 141 175 186 187 190 199
530
50 30 31 35 114 118 138
663
51 12 22 26 27 32 82 90 118 121 122 155 167 174 190 194
610
52 4 26 30 48 60 65 72 82 118 153 178 183
923
53 2 15 28 35 38 100 102 121 134 150 151 183 184 199
455
54 84 110 116 132 143 146 177
890
55 7 10 12 37 41 42 56 78 79 87 99 122 127 131 141 153 165
460
56 42 52 55 72 74 76 90 130 152 155 168
592
57 9 10 12 53 75 86 91 122 138 140 175 179 188 190
492
58 11 14 35 51 70 119 174 180 200
764
59 1 15 19 42 63 72 74 78 80 98 106 125 158 169
35
60 1 37 57 78 93 101 105 118 140 156 157 187
784
61 11 51 63 72 76 99 109 114 123 141 158
971
62 3 7 22 25 63 83 86 88 116 117 149 150 191
912
63 34 113 121 132 135 155 161 174 179 180 192
168
64 5 9 35 72 84 90 116 131 137 139 147 151 172 174 195 200
204
65 28 55 69 70 74 114 121 172 186
847
66 19 31 34 42 54 56 81 82 94 200
980
67 46 75 126 157
236
68 16 44 76 154 162 181 184
902
69 3 14 89 94 116 120 123 136 180 193
681
70 6 10 17 20 31 53 69 197
114
71 20 30 42 56 59 62 104 150 161 193
489
72 4 35 39 192
292
73 4 31 42 45 63 67 90 94 96 101 145 157 198
6
74 18 23 25 34 49 59 112 168 184
687
75 42 57 58 63 72 79 95 98 129 142
540
76 19 83 84 88 135 170
675
77 1 3 10 18 27 49 61 63 66 87 91 121 126 146 154 156 157 164 166
304
78 42 48 59 67 70 96 152 159 174 189
253
79 43 56 71 98 99 119 147 178 191
776
80 28 44 50 83 107 121 126 172 188
77
81 11 37 51 70 78 92 157 159 160 194
358
82 52 103 124 184 185
573
83 1 8 44 73 74 93 97 104 110 124 158 171 190
847
84 2 19 21 29 30 38 65 77 123 128 191 200
116
85 3 23 42 86 91 102 159 168
591
86 4 30 70 119 122 124 127 141 157
564
87 21 42 58 81 82 173 185 191
859
88 12 19 25 39 49 56 70 102 114 136 138 139 191
636
89 15 47 52 104 124 164
626
90 10 22 33 60 65 83 93 126 134 137
783
91 52 53 62 79 109 132 136 158 165
165
92 32 37 79 97 162 200
274
93 70 117 135 173 184
312
94 48 52 76 85 93 103 111 112 116 137 172 174
950
95 3 22 35 79 97 103 152 163 175 196
580
96 2 17 24 46 47 75 83 86 143 150 158 172 186
157
97 33 35 61 91 119 129 136 150 165 176 184
384
98 7 11 52 69 99 136 159
231
99 32 34 91 113 194
488
100 6 23 44 48 53 54 72 97 113 168 194
209
101 2 59 86 95 124 126 128 132 172 182
222
102 22 24 27 41 50 61 77 119 121 122 165 182 183
899
103 45 54 96 108 118 123 139 159
86
104 16 42 44 65 141 151
876
105 63 79 96 146
489
106 9 18 20 24 38 66 84 171 174 177 195 198
970
107 2 11 30 38 39 53 60 128 172 181 186 200
776
108 7 30 32 36 39 48 60 65 136 140 152 153 172 198
367
109 22 26 32 59 116 133 143
373
110 4 59 95 130 160 170 183 192
747
111 53 77 95 99 120 128 130 153 168 169 173 175 188 189
101
112 30 63 102 129 165 182 188
340
113 8 17 43 56 65 68 71 77 97 105 126 133 136 148 160 171
925
114 7 8 46 51 64 79 83 84 85 160 179 188
683
115 17 114 126 166 179 194
726
116 65 76 83 84 104 109 110 170 180 182 198
68
117 42 68 81 156 159 168 194 198
736
118 41 53 91 107 130 134 137 157 165 186 192 199
719
119 23 42 47 67 73 99 116 126 146
507
120 2 99 105 112 132 157 159 172 195 196
185
121 33 92 102 123 133 142 186
191
122 6 11 48
332
123 2 27 30 92 118 154 160 180 199
983
124 5 29 48 53 82 103 111 114 136 140 160 175 180 200
18
125 17 21 38 40 48 68 77 114 164 194
292
126 15 19 53 57 101 134 166 167 183
613
127 1 95 97 111 126 140 149
491
128 5 44 81 127 134 187 193
960
129 6 47 110 112 163 169
950
130 28 50 69 75 94 178
27
131 54 103 169 187
372
132 4 6 7 147 170 176
370
133 20 27 44 58 75 131 146 172
658
134 13 18 65 72 91 140 166 194 195
148
135 17 44 65 85 114 140 153 165 168 173 187
722
136 14 24 85 107 141 145 146
56
137 17 95 101 111 128 163 197
834
138 1 5 19 28 31 40 52 74 100 158 164
217
139 27 48 53 55 59 76 100 106 119 127 132 147 170 173 193
441
140 1 60 67 71 75 103 150
382
141 12 39 51 72 88 97 105 145 155 158
799
142 32 36 101 111 130 139 160 169 170
436
143 21 70 92 134 142 148 159 162 163 168 192
398
144 52 86 104 128 133 135 140 149 199
450
145 37 43 60 92 98 105 120 153 157 179
544
146 50 59 77 84 97 148 157 165 182 190
287
147 29 61 75 79 102 120 133 141 151 168 182 184
635
148 8 34 52 97 181
810
149 25 26 54 75 118 132 136 154 162 188
65
150 5 15 63 67 78 80 81 103 154 156 171 180 185
633
151 19 26 79 124 149 168 188
28
152 78 80 94 153 162 167
759
153 18 41 85 89 95 130 137 140 149
650
154 14 50 81 89 92 96 111 112 113 123 129 135 174 179 186 189
152
155 26 32 43 80 104 109 139 166 167 185
202
156 26 28 149 161 181 182 191 199
630
157 41 55 76 87 93 94 104 122 136 189
611
158 14 28 100 108 170 172
600
159 27 30 48 65 69 85 122 194
935
160 41 78 88 105 169 200
769
161 31 39 93 109 110 133 155 162 176
198
162 38 42 53 67 93 97 109 114 142 149 152 182
531
163 47 49 56 71 86 92 98 106 123 150 178 196
576
164 6 26 32 35 38 85 88 119 148
69
165 68 115 127
991
166 36 46 64 92 102 107 123 160 186
534
167 14 16 18 66 77 96 115 142
843
168 54 103 125 143 145 152
727
169 1 17 37 43 57 65 77 83 99 123 178 191
64
170 5 21 25 40 41 46 117 142 143 168 190 198
612
171 27 46 82
33
172 40 67 95 102 164 177 197
464
173 17 23 24 49 50 55 69 82 188
499
174 81 92 104 128 133
896
175 11 26 35 46 94 128 174
57
176 26 30 48 57 129 147 150 161 181 185 198
672
177 27 29 32 56 63 68 74 178
214
178 18 21 32 33 58 60 85 111 133 136 165 181 198
971
179 3 7 20 24 33 61 73 104 131 133 145 149 152 183
86
180 34 45 57 66 70 73 89 90 92 125 126 128 131 135 149
466
181 23 33 43 48 75 89 139 151 155 177
800
182 3 6 34 36 51 75 82 95 149 187 189
632
183 3 4 6 38 39 74 81 102 122 155 170 180 197
473
184 5 6 12 36 40 44 84 101 103 109 116 172 189
477
185 17 30 46 174 175 187
618
186 52 121 145 149 190 195
680
187 26 43 46 106 112 134 153 160 169 172 195
572
188 73 119 120 165 192 193
551
189 20 36 51 80 91 100
71
190 3 22 71 78 90 92 97 99 123 124 144 157 159 177
701
191 12 16 129 161 167 186 196
624
192 35 40 83 85 151 152 194
100
193 2 7 92 125 134 144 172 175
23
194 2 21 64 72 83 99 123 158 171 176 178 190
464
195 19 25 47 68 80 123 131 157 159 178 179
156
196 7 70 80 81 86 103 120 122 132 139 145 158 171 181 189
310
197 2 28 65 70 75 95 103 118 134 141 152 161 171 187 198
742
198 2 19 35 53 82 105 143 151 155 183
865
199 1 5 32 66 110 143 174
169
200 29 53 109 113 114 122 170 199
891
