999
499
11 66 136 163 170 237 270 319 323 349 353 390 393 409 479 484 530 646 651 674 691 712 713 760 786 806 863 925
876
42 60 124 144 145 149 154 165 231 342 350 377 423 451 456 478 498 503 534 538 550 569 585 601 619 674 711 743 789 795 866 877 885 900 977
664
2 12 27 43 96 113 136 150 156 166 178 190 202 336 356 434 436 453 493 508 527 551 558 635 641 657 708 724 756 805 823 824 861 868 881 884 918 924 945 963 992
34
15 117 189 192 212 219 227 229 235 297 385 391 421 435 447 512 519 523 540 548 605 606 648 750 758 771 785 793 826 928 937 980
971
11 17 239 306 312 358 391 433 492 511 527 580 585 649 655 674 732 750 785 796 902 906 963 966
327
15 32 42 83 120 136 137 138 217 226 239 259 291 295 317 346 375 488 498 511 540 596 607 623 687 707 767 783 793 818 847 877 933 965 990
638
33 59 60 127 148 175 198 248 274 304 396 464 532 566 611 653 672 680 746 750 764 778 835 836 860 878 937
810
1 47 102 105 110 138 146 216 254 391 392 415 483 486 495 520 534 547 570 590 644 669 678 720 770 839 844 846 853 861 876
104
5 12 86 129 160 189 229 235 264 280 326 344 363 379 396 458 536 633 644 661 687 716 733 748 805 829 890 893 900 905 922 938 943
529
7 16 55 105 109 144 162 211 234 255 280 434 500 560 566 597 631 639 661 757 760 769 771 852 862 868 916 935 959
609
60 102 120 161 169 180 190 257 279 286 423 456 492 540 545 607 611 621 651 659 720 723 725 746 800 819 857 879 906 924 931 935 951 972 988
165
67 85 95 118 165 177 263 265 277 301 312 331 335 357 370 392 394 456 466 553 585 609 611 674 694 816 823 929
921
34 50 82 85 96 103 121 183 209 216 243 286 306 343 393 403 439 459 472 517 594 618 724 732 778 841 870 877 890 911 921
169
32 37 87 114 147 161 168 238 243 387 415 467 468 491 501 512 596 617 637 655 663 680 690 705 767 816 828 890 938 950 963 991 995
789
3 16 24 117 158 192 195 227 255 274 313 387 418 449 450 469 543 554 555 592 619 637 722 729 751 797 800 847 858 878 880 896 901 918 944 965
877
11 112 148 151 172 192 216 217 241 269 270 277 351 371 374 385 410 471 473 520 525 535 544 563 569 578 653 668 670 681 736 793 797 911 982
706
17 38 148 160 228 249 254 337 342 352 383 413 415 444 484 510 537 561 637 658 757 795 810 846 853 863 878 881 925
22
28 54 93 134 163 221 230 239 255 271 308 341 342 378 406 437 441 459 484 490 499 529 544 545 587 683 726 749 782 809 889 926
15
18 64 73 76 143 159 188 192 219 234 318 323 350 369 381 388 451 464 511 518 528 535 551 575 620 648 728 755 792 802 814 833 873 880 958 972
881
5 34 67 101 131 135 198 229 245 255 258 284 335 382 385 394 419 426 444 458 462 464 472 483 515 521 543 549 571 603 605 653 658 684 718 719 742 746 760 823 838 852 881 890 947 967
418
2 59 68 85 105 141 165 178 201 222 236 253 291 294 297 332 352 372 373 485 490 508 562 604 616 639 643 661 677 683 691 718 721 739 744 769 830 852 996
654
5 80 115 177 202 279 342 372 373 381 419 487 538 614 687 694 778 782 799 844 853 855 856 860 923 931 956 965 968 990
890
4 36 83 174 182 188 214 274 289 344 346 352 372 376 398 411 452 470 474 479 560 626 675 683 714 768 830 846 886 905 914 920 946 957 966 984
642
77 160 172 203 275 311 334 350 380 399 406 437 486 492 640 672 722 729 758 790 809 813 908 920
306
1 17 47 75 122 126 127 128 135 136 161 223 236 297 300 380 418 434 456 461 480 490 498 544 638 687 695 719 728 779 783 804 805 823 827 841 868 902 926 952 963 987
857
12 24 54 93 97 107 180 209 226 263 327 375 409 413 510 518 545 585 614 652 703 755 782 839 858 897 898 905 966 978
918
35 37 55 130 164 168 218 225 254 304 346 384 435 489 513 523 530 591 632 677 745 776 784 843 853 863 876
385
4 37 50 76 86 189 209 218 268 279 353 381 392 443 475 477 529 546 571 588 739 748 753 791 828 841 858 863 874 931 959 989 997
741
18 36 60 90 98 120 157 165 203 303 306 310 311 376 391 400 427 443 480 501 505 600 675 680 708 724 729 751 770 867 995
924
43 45 59 79 184 242 341 379 392 517 528 541 742 767 785 792 807 827 878 893
187
13 78 119 147 155 186 244 275 308 309 310 320 353 355 363 410 480 509 529 541 628 641 670 673 716 717 790 851 891 895 982
318
40 84 89 142 151 157 160 187 242 258 380 396 426 464 485 491 508 589 593 624 626 643 900 903 910 943 973 986 990
252
35 118 155 202 224 231 244 246 260 297 313 360 385 415 427 442 485 501 508 518 530 535 565 601 602 620 658 672 719 748 749 765 770 785 786 814 839 852 855 874 878 910
357
41 113 118 147 173 276 308 318 350 353 380 382 435 454 511 515 544 553 584 663 680 681 703 705 709 717 728 749 751 831 838 839 885 963
324
10 103 108 177 178 199 245 278 288 315 317 351 382 433 505 535 540 542 582 638 641 690 799 818 853 855 904 905
410
3 8 180 275 363 381 393 406 421 522 554 579 711 713 727 739 806 811 813 814 912 941 991 992
115
15 26 37 47 54 74 92 225 238 315 366 372 385 416 422 428 467 472 483 488 503 511 591 599 610 630 646 663 678 680 721 754 766 767 770 782 835 897 916 924 949 959 976 980 992
313
1 66 69 124 129 155 157 171 200 233 265 274 314 345 420 454 456 458 489 560 632 663 670 680 681 732 765 784 810 813 835 904 905 911
919
80 124 137 138 164 187 194 262 271 281 295 309 318 350 428 430 440 451 494 593 627 636 654 662 664 677 682 698 715 718 722 780 823 866 882 927 940
52
42 107 189 201 210 289 298 311 312 353 377 408 416 424 476 517 538 655 722 778 786 801 855 897 946 987
761
5 73 143 326 356 377 401 461 493 541 626 634 648 651 715 719 725 736 746 784 787 800 814 823 831 853 877 881 929 947 948 977 987
430
88 190 193 275 303 337 342 376 408 412 442 450 475 493 552 597 614 648 657 693 699 719 732 774 780
266
43 54 61 99 111 113 120 131 141 180 247 263 292 312 329 340 364 392 394 426 445 455 469 475 512 594 703 712 732 738 758 769 771 788 804 840 858 894 960 980
550
10 28 44 65 134 136 209 210 225 341 349 355 359 386 547 590 611 630 637 659 675 678 695 696 710 740 860 914 953
644
6 21 23 28 45 66 79 104 137 152 167 232 240 306 343 412 438 449 496 516 552 559 567 694 752 801 815 878 891 898 899 901 922 990 991 994
658
26 32 77 88 100 114 130 140 191 208 209 217 228 247 309 368 484 495 512 537 539 575 581 620 681 708 771 798 855 887 907 920 970 972
16
11 32 37 48 77 126 127 129 139 176 208 241 263 269 294 323 364 383 435 541 607 624 634 637 662 667 702 705 767 780 880 884 889 956 997
872
134 141 247 254 290 322 347 349 362 364 406 415 441 446 452 468 484 500 505 533 554 562 585 633 637 639 694 710 736 740 746 852 892 898 941 964 982
31
133 203 246 289 309 427 477 485 519 534 542 558 569 606 636 659 674 680 687 700 707 712 954 983 988
325
125 155 191 253 334 355 379 469 564 630 643 652 742 769 792 823 850 955
310
14 32 86 91 156 170 193 242 254 256 267 294 345 347 368 384 424 452 583 627 704 735 740 741 743 765 772 847 908
283
15 21 26 46 71 240 272 281 315 324 353 356 414 444 473 519 524 560 577 609 622 627 632 635 684 718 741 774 784 798 835 839 859 878 882 898 921 967 983
617
13 30 41 76 103 142 201 223 229 256 274 279 295 311 474 517 552 596 599 614 648 661 696 701 736 750 785 805 854 897 949 989
890
13 76 124 211 221 224 228 233 251 287 296 336 339 368 404 433 670 682 692 699 780 797 917 942 976 986
43
1 10 31 65 71 125 130 169 203 213 236 259 266 298 330 357 383 474 496 522 552 636 649 655 672 702 737 807 866 895 903 943 991
468
6 46 50 58 98 130 193 198 200 201 202 207 220 308 319 400 503 508 557 578 620 644 654 671 722 734 738 765 766 806 814 839 868 888 901 981
968
65 94 151 190 214 218 223 247 344 361 369 372 373 404 481 530 564 569 625 632 645 657 789 795 810 817 836 845 859 872 895 913
502
29 53 69 80 130 179 194 200 212 225 256 300 379 407 426 441 479 502 530 531 612 633 684 697 783 793 811 841 954 977
422
3 67 72 90 119 120 149 180 193 201 216 228 244 248 332 378 387 412 463 539 554 564 596 628 695 708 714 752 790 910 967 968
198
44 65 68 109 128 143 158 159 212 246 248 318 319 338 378 394 401 411 417 431 442 443 457 474 479 512 623 627 639 640 643 654 687 745 845 898 914 925 959 976
813
18 29 37 59 60 66 79 93 133 139 175 191 316 332 336 349 355 425 442 454 506 533 554 574 583 692 726 751 762 763 777 810 811 813 835 891 908 973
999
42 72 77 153 200 321 323 336 350 364 377 380 424 442 453 481 523 538 559 622 678 701 702 706 721 762 809 811 890 904 931 981
799
3 37 88 91 107 117 120 157 162 203 238 240 267 310 315 420 426 455 474 499 565 574 596 628 640 649 672 696 697 745 755 850 876 893 895 897 899 903 966
319
29 45 49 75 184 221 247 260 275 327 335 371 410 426 436 507 560 565 591 605 624 661 684 710 717 728 767 788 802 810 847 913 949 950 962 965 984 988
258
7 118 124 137 321 322 329 361 434 453 481 485 541 548 566 615 621 633 663 667 673 682 686 716 733 777 796 852 863 867 899 926 952 995
567
16 20 21 26 54 65 71 89 92 97 147 148 154 219 239 245 285 313 335 343 448 587 591 602 635 667 677 711 720 721 722 752 791 815 816 821 865 935 938 988
927
87 131 135 143 144 152 154 163 191 197 254 314 349 398 408 489 492 498 503 531 533 554 581 620 624 628 636 648 690 696 770 793 908 915 920 942 954 955 989
900
31 74 85 99 130 133 170 194 203 205 211 215 233 246 253 541 560 576 580 590 618 625 649 661 693 824 835 840 862 878 894 945 972 973
812
14 20 30 79 98 141 183 184 197 202 276 392 407 492 500 658 659 661 701 817 829 866 869 876 912 914 925 940
239
12 158 179 205 207 259 269 317 436 463 475 502 538 547 552 614 663 680 692 698 714 762 788 811 829 851 861 870 895 900 909 922 947 963 972
974
19 45 74 112 160 192 210 293 316 338 345 356 384 506 510 571 594 603 606 636 726 732 739 752 812 873 925 935 974
668
23 32 93 97 99 159 164 179 226 252 288 298 365 488 499 501 510 540 555 569 570 642 688 691 745 790 826 845 862 870 918 923 925 935
524
11 47 68 81 92 110 135 211 225 249 295 358 362 366 440 450 467 487 536 562 593 609 636 650 696 720 724 731 808 862 910 982 997
512
33 36 89 90 157 251 290 296 396 401 424 437 486 492 529 558 587 590 591 627 644 727 750 757 774 817 828 899 915 959 970 989
860
10 15 59 101 134 183 240 277 282 300 305 312 355 435 445 448 450 455 475 529 539 620 625 626 653 711 724 732 808 906 915 926 957 961 992
915
25 26 38 40 71 73 82 94 100 104 128 131 211 220 225 230 252 394 402 412 429 475 494 505 585 598 619 650 656 663 686 722 726 733 746 758 766 774 815 869 899 901 910 912 924 931 943 954 976 978
472
100 109 156 171 194 201 204 229 267 329 359 373 391 397 417 444 592 601 615 637 694 719 752 867 908 917 965 978 983
507
39 79 155 190 214 226 231 301 332 347 385 418 429 456 457 486 488 510 511 536 550 555 571 633 634 655 701 706 716 726 732 733 771 789 805 821 834 842 877 888 914 925 953 965 975 982
706
30 34 54 81 93 122 123 239 299 304 318 342 353 361 384 406 441 453 477 492 537 589 596 605 634 668 677 728 751 787 797 804 805 809 843 857 893 896 912 991
880
13 27 108 143 161 167 191 311 320 391 428 433 540 548 569 588 624 654 669 711 720 721 801 859 864 896 900
594
30 41 51 84 89 115 128 145 152 153 157 171 224 248 299 354 367 413 422 431 459 471 492 537 556 633 757 774 784 859 942 984 985
989
13 16 104 106 186 210 265 279 303 342 350 380 382 386 401 456 566 660 689 702 716 747 755 779 793 811 825 854 865 896 900 903 910 947 977
475
40 71 115 137 165 180 209 260 280 296 300 339 357 370 372 415 418 421 573 574 589 600 604 642 660 664 701 702 704 732 745 759 765 791 875 891 923 929 973
999
6 11 14 71 86 122 177 194 196 213 214 218 253 264 303 304 360 370 409 410 415 433 531 538 565 579 597 614 621 628 709 796 822 855 872 953 967 982 986 990 996
985
55 128 133 137 153 292 307 327 332 391 412 456 459 467 479 492 536 562 597 600 605 787 892 947
596
36 48 92 142 172 188 228 307 318 360 409 420 448 503 530 541 604 608 619 640 659 664 677 680 687 704 728 826 829 840 843 929
285
26 84 111 133 141 142 161 181 198 256 281 296 307 349 380 393 396 401 481 495 506 510 535 546 559 625 637 661 676 683 696 708 764 769 793 820 831 878 879 891 971 977 996
536
55 86 91 109 150 165 187 227 250 274 280 292 335 378 386 449 458 519 540 545 560 565 599 650 654 718 770 776 805 812 830 908 931 934 942 982
318
83 90 108 111 149 189 219 225 252 290 344 356 361 369 387 396 414 434 458 468 491 517 525 555 641 657 661 663 669 688 735 820 859 915 941 962 977 986
492
53 68 197 224 271 279 289 313 339 355 380 488 492 497 509 531 547 579 621 658 659 753 788 795 797 805 811 812 857 884 924
42
14 37 46 61 67 151 181 195 198 212 235 273 339 344 416 489 514 550 559 564 640 662 687 719 720 772 814 822 841 868 923 938 945 951 961 993
64
62 85 140 233 266 287 294 315 316 318 329 368 445 481 489 493 558 615 645 701 717 737 760 766 779 794 839 859 880 885 894 980
365
47 187 229 267 325 347 369 389 530 548 601 690 695 731 779 813 853 866 881 933 940 979 991
277
4 39 42 111 126 140 262 272 279 296 299 455 465 480 553 567 608 613 622 625 695 772 778 807 830 855 866 928 958 960 968 979 988
151
24 28 43 77 105 188 230 309 357 409 435 465 506 515 649 695 710 722 766 798 827 859 866 883 889 901 991
362
20 35 50 60 76 112 130 192 255 273 276 299 313 350 351 390 474 501 516 517 550 588 613 640 721 748 754 759 779 789 795 801 808 809 828 878 895 930
957
20 91 101 143 150 153 177 263 267 276 439 468 547 564 579 601 604 656 658 674 705 707 726 753 773 776 787 842 888 909 968 976 997
407
9 101 118 130 131 185 204 209 253 254 304 332 333 347 366 429 446 535 574 608 627 671 673 725 728 732 836 869 934
112
5 16 35 55 65 108 128 175 196 223 247 306 325 329 355 360 377 415 492 498 560 589 592 651 669 683 689 712 715 720 724 731 779 790 798 802 804 806 822 829 889 928 955 997
215
37 53 104 111 191 230 268 301 308 362 380 385 399 418 460 507 606 643 657 688 795 892 902 922 951 971 992
294
7 48 55 92 183 201 213 215 249 297 311 316 334 342 348 356 414 434 444 455 558 612 655 672 727 769 829 850 860 869 873 874 889 986
495
31 65 116 140 173 180 184 244 313 468 498 535 573 645 658 667 676 698 716 718 752 757 804 815 843 882 916 926 928 977
410
42 64 74 108 140 214 276 325 372 425 453 471 497 514 543 561 573 619 632 666 686 716 761 773 851 883 996
969
34 130 147 164 233 250 277 333 356 379 397 424 467 488 501 539 604 618 631 669 718 735 743 745 748 766 782 801 846 849 850 856 869 908 984
846
31 59 166 219 259 295 354 403 428 462 521 530 555 576 579 714 882 947 950 952
615
13 48 52 54 92 127 170 187 208 234 366 371 380 428 535 538 574 678 713 715 733 734 785 789 856 909 928 967 990
828
2 52 104 119 147 183 241 248 258 316 324 403 560 596 621 634 655 679 690 761 806 812 819 824 833 971
719
21 49 70 102 120 185 236 305 313 418 459 490 494 500 512 514 520 531 563 574 584 593 605 691 715 727 741 764 787 792 795 847 920 929 930 943 951 954 991
141
5 7 28 36 87 97 100 107 109 110 161 227 241 275 318 320 325 365 399 420 467 489 511 551 607 629 634 639 642 666 721 741 765 771 792 813 895
570
12 23 28 77 100 114 132 156 166 171 225 289 302 340 346 403 432 443 461 482 503 519 539 563 567 593 614 625 643 666 676 739 744 777 788 819 864 901 936 946
875
18 57 63 148 212 348 382 473 483 560 565 620 727 748 771 881 889 906 908 941
535
21 23 74 85 133 140 157 163 164 205 232 261 275 326 420 493 533 579 613 617 649 702 712 744 827 896 898 921 930 991 992
819
30 39 45 119 135 239 252 316 332 335 354 366 386 391 416 426 438 449 458 474 504 517 528 561 614 615 661 688 713 752 761 936 946 971
764
43 62 70 76 126 148 169 170 175 359 373 374 375 380 413 471 482 545 590 597 730 759 778 785 791 821 851 902 959
571
9 78 117 152 156 171 203 216 254 306 331 338 360 391 454 512 545 558 583 615 625 630 656 695 699 772 810 836 882 886 890 926 933 948 959 993
766
207 233 236 295 314 328 347 375 400 402 417 474 718 737 789 837 883 897 930 977
469
8 32 45 71 77 87 92 93 163 213 219 251 291 304 379 440 489 512 522 528 547 549 569 597 608 679 737 753 757 785 801 880 899 911 968
355
25 60 75 85 123 158 226 242 256 288 352 423 659 716 755 801 803 897 925 940 959 962
529
13 47 67 103 129 135 155 170 185 200 209 234 242 281 298 310 339 398 421 456 465 592 627 656 666 671 686 695 704 720 783 803 804 811 868 885 896 901 920
154
35 46 50 81 107 169 291 293 302 333 345 413 418 421 523 569 573 715 769 773 781 797 802 805 836 884 885 907 923
181
31 53 78 100 145 164 233 243 271 290 309 311 330 340 355 365 372 420 435 446 461 480 503 506 509 534 535 536 560 568 569 586 599 618 652 675 690 889 895 897 907 911 930 936 981 988
251
4 8 41 53 80 115 155 169 185 229 236 240 262 313 325 342 426 428 470 473 474 505 559 576 598 656 742 846 874 897 908 929
359
27 56 85 92 262 333 336 346 375 434 438 471 533 639 643 674 691 702 739 744 784 867 868 989
53
96 138 170 264 273 315 332 383 403 415 481 531 541 614 649 676 688 713 802 817 827 829 850 872 881 901 926 966 989
722
30 36 42 52 83 129 206 255 263 307 330 335 341 522 545 553 559 606 649 741 819 843 883 912 947 960 990
701
52 58 66 75 94 171 179 190 289 344 403 460 517 714 723 765 816 900 901 967
509
3 29 54 60 144 159 217 230 240 256 264 298 466 477 500 532 543 605 651 762 772 790 817 836 909 921 938
62
34 122 124 157 253 269 287 292 320 337 344 364 374 384 454 474 497 568 597 602 722 750 754 764 773 811 812 837 847 859 882 924 929 933 995
902
38 81 98 107 114 221 239 301 311 359 360 367 399 411 424 425 440 448 476 494 544 565 610 665 705 776 809 832 836 865 876 880 912 978
435
28 29 42 134 183 189 191 223 235 240 250 252 267 292 331 332 337 347 352 426 446 477 481 532 551 567 609 635 659 672 685 780 785 796 804 825 875 956 980
459
8 15 51 70 114 155 176 229 277 297 310 322 336 393 399 413 443 567 580 590 608 631 662 718 752 763 832 854 857 861 864 865 873 921 958 962 971 990
356
37 59 64 69 130 140 171 189 195 204 236 260 278 353 390 398 416 422 437 636 674 687 690 694 709 713 718 735 774 806 819 836 855 863 932 937 968 982 987 995
911
16 56 109 153 161 165 200 210 277 300 367 420 517 556 616 653 666 692 708 721 739 766 789 812 843 853 898 951 955 961 987 995
422
69 121 137 139 210 259 275 277 360 447 500 516 520 523 594 677 707 738 746 763 799 804 824 871 895 897 979 989
829
64 73 88 118 122 157 165 223 267 293 308 335 340 347 361 431 482 489 492 504 511 521 530 645 646 660 680 681 698 705 722 772 773 813 823 842 854 876
538
24 29 33 71 140 150 191 192 216 227 237 243 260 306 342 376 404 445 449 495 499 503 508 558 564 626 641 642 657 677 727 786 837 900 955 977
832
15 60 143 178 184 203 240 285 295 310 357 440 481 484 491 494 590 638 642 790 807 870 897 915 941 945 955 966
519
152 157 166 176 228 231 261 263 311 321 346 419 499 520 544 556 591 616 686 689 695 705 776 811 847 857 865 946
56
4 17 21 87 202 221 296 302 336 371 383 452 460 472 491 494 496 528 533 587 593 628 704 707 709 754 767 818 829 839 840 846 899 924 974 992 996
915
16 28 31 48 55 77 101 102 103 114 129 147 185 209 239 244 279 301 308 325 333 343 362 367 385 401 410 413 444 446 454 471 484 485 553 589 619 676 687 689 706 708 724 791 801 824 853 884 907 943 955 956 964 972 982
283
65 99 131 151 191 207 215 320 325 359 399 412 509 522 531 621 630 656 677 685 695 744 745 785 863 920 947
369
15 28 54 118 167 179 187 199 219 232 278 316 321 404 407 451 473 487 492 497 508 533 537 709 736 739 745 750 760 774 854 868 941 953
738
148 160 176 194 240 251 263 267 278 284 357 445 460 462 483 498 527 548 572 607 649 663 713 731 771 799 820 831 853 862 871 876 890 905 956 981 988
331
17 29 40 44 274 313 326 359 394 471 494 500 529 536 598 628 651 668 717 721 725 764 770 815 829 841 887 890 945 951
956
35 47 62 74 86 133 168 172 185 240 248 261 293 341 344 363 472 477 480 489 538 551 575 604 680 694 735 744 831 932 933 950 963
357
27 37 77 95 96 127 130 134 174 272 351 353 439 443 457 599 606 612 653 728 756 759 773 778 784 820 881 903 937
53
16 48 60 85 89 111 131 135 188 219 227 239 245 246 306 352 378 379 387 391 418 495 644 724 746 749 750 818 826 840 858 929 962 990
194
73 78 94 193 203 265 301 309 373 396 415 434 445 449 493 514 539 585 604 608 652 701 766 807 824 889 941 987
649
19 43 51 126 155 180 202 218 282 353 375 662 748 757 806 827 828 841 846 946 977
81
23 47 87 106 119 127 134 176 180 211 219 232 261 280 285 311 313 322 341 432 434 451 468 488 517 519 529 574 577 646 653 671 672 698 713 716 717 748 759 826 861 866 886 900 958 972 988
214
19 29 63 70 73 92 103 141 162 188 192 242 262 291 301 309 436 443 488 554 555 654 687 709 720 793 797 817 882 916 917 943
54
56 88 96 130 146 170 173 191 217 223 231 305 309 327 339 340 347 369 580 598 621 633 640 672 673 687 714 738 739 749 750 789 828 902 934 968 983
426
14 15 111 127 132 139 190 203 257 311 342 394 440 450 491 492 514 527 615 624 670 870 907 927
754
18 42 59 74 98 123 125 128 184 232 334 407 426 433 441 494 511 524 527 537 594 626 637 667 669 718 732 737 759 778 876 946 967
383
12 26 28 95 97 99 156 177 178 230 300 307 375 388 408 414 445 447 477 482 497 530 544 627 632 633 684 789 814 823 850 853 857 862 873 878 928 935 944 952 957
530
5 34 45 56 60 125 229 248 316 341 387 413 419 484 485 494 578 579 587 612 622 651 800 801 827 868 919 984 996
341
42 82 122 153 170 172 261 288 304 312 332 352 357 437 453 502 531 545 606 747 772 790 816 955 960 986
653
58 63 64 70 143 188 225 228 247 269 325 350 436 577 586 683 740 809 818 848 901 989
818
17 46 51 65 78 84 100 145 149 253 280 288 289 366 445 458 480 494 514 548 553 631 635 699 703 726 735 751 792 817 820 821 824 866 880 913 929 948 971 980 996
645
35 60 164 203 215 231 233 251 263 277 309 336 404 483 501 505 584 594 616 665 680 732 837 857 882 890 914 932 984 992
373
16 38 56 72 78 83 133 167 201 209 230 235 237 347 385 423 436 463 484 490 518 580 606 675 729 764 770 818 822 853
548
48 84 94 105 107 138 140 146 170 191 194 228 244 307 335 346 365 381 408 465 523 544 572 582 641 646 711 788 870 904 949 961
364
16 26 47 68 76 92 96 104 107 182 199 220 238 245 313 317 323 337 373 374 465 474 539 558 577 662 755 769 786 846 922
640
15 37 42 62 89 97 132 196 207 217 242 253 281 311 328 363 366 367 406 432 441 487 497 519 531 671 697 728 738 856 870 879 907 945 965 975 986
568
35 57 67 93 96 104 123 132 135 176 192 251 252 312 348 389 437 444 455 517 543 554 568 570 575 640 651 770 827 831 837 850 914 959
408
24 39 46 66 74 94 99 106 164 182 236 283 298 353 371 432 449 538 608 622 624 731 754 758 835 873 887 919 969 982
287
5 145 195 240 243 271 305 339 430 432 489 503 545 584 595 670 718 786 830 834 840 849 928 930 940 943 962
364
11 29 70 72 74 80 108 116 118 193 195 231 243 246 253 263 268 348 361 380 388 408 428 440 553 603 612 637 688 702 705 787 804 838 896 902 932
73
40 65 86 100 117 135 145 166 238 240 245 247 260 269 292 295 305 310 342 350 427 438 474 494 508 547 572 580 656 733 766 787 808 908 920 932 970
297
15 53 61 105 109 112 148 157 159 161 181 208 241 298 359 377 400 402 410 427 472 494 497 571 581 628 644 702 716 762 783 793 794 800 801 809 815 866 984
694
5 22 39 110 126 218 229 252 282 294 328 455 520 543 546 572 583 592 615 630 648 687 733 796 844 884 948 954 963
712
58 69 71 73 155 203 236 273 293 301 318 364 365 391 423 458 472 475 486 499 607 623 630 657 727 770 883 891 905 906 917 921 936 980
610
17 18 43 122 153 206 207 238 239 255 260 283 287 322 344 367 410 445 460 461 509 531 596 602 664 698 736 746 757 779 796 820 851 891 905 917 958 971 997
472
82 93 120 277 311 324 363 390 428 492 575 606 619 639 661 706 768 772 786 854 872 948
348
22 115 124 145 180 218 227 242 297 354 367 374 382 404 425 435 455 474 476 624 632 643 675 688 690 731 742 803 815 836 844 862 864 892 906 928 973 979
268
32 46 52 70 100 169 184 190 191 202 212 216 333 390 428 441 467 589 596 699 747 760 808 838 861 886 889 927 941 953
897
6 18 44 45 59 63 67 86 135 203 213 217 228 243 244 347 353 365 370 373 382 484 584 601 621 628 660 743 750 777 795 818 820 849 879 966
708
2 18 47 97 101 108 113 158 166 211 226 291 325 342 373 404 405 476 483 484 516 536 598 649 667 713 741 795 798 806 847 867 906 925 950 951 969
796
30 72 95 119 146 165 187 284 335 378 408 418 437 458 461 488 518 538 562 571 581 596 603 637 673 689 738 751 761 836 876 894 922 925 989
983
7 52 81 82 97 120 153 198 199 200 278 322 333 349 407 433 475 519 539 573 654 657 717 765 778 802 819 870 882 928
303
15 30 58 61 85 155 185 203 265 287 307 325 330 421 504 516 518 560 567 609 649 705 743 938
855
65 78 87 92 102 111 150 164 183 245 263 304 323 343 348 394 451 504 525 535 536 584 590 603 664 699 722 739 833 843 854 894 897 904 983 992
838
47 95 120 124 178 204 210 216 224 239 240 303 337 339 437 470 548 549 565 587 605 617 633 654 678 688 711 713 742 778 782 852 879 942
213
16 32 35 49 67 82 101 137 140 176 223 279 312 348 352 416 424 433 451 464 491 499 585 747 751 799 808 828 840 877 894 897 912 922 928 929 972
258
98 120 213 219 265 287 295 296 337 341 369 373 375 504 521 537 542 677 685 690 742 744 759 762 803 805 846 860 946 956
816
1 5 35 56 65 106 146 175 232 292 307 337 381 392 417 466 475 480 518 530 552 556 588 605 606 618 628 759 814 940 962 992
350
36 132 156 184 205 213 231 273 281 297 299 311 318 394 412 415 491 495 526 554 604 624 709 715 892 905 976 985 988
893
3 23 27 123 128 212 245 257 271 345 371 380 395 440 472 485 486 524 596 626 651 654 668 677 694 719 744 768 883 893 894 975
134
114 130 182 200 210 233 279 291 311 316 378 404 414 546 561 578 604 651 713 860 891 956 974 990
358
138 156 162 219 221 274 298 327 363 366 398 442 444 447 467 592 598 638 715 725 734 763 774 827 857 878 883 885 887 894 915 920 923 926 965
85
1 9 38 59 63 67 137 152 161 179 253 264 293 342 372 386 422 536 549 550 608 628 681 717 754 760 770 788 833 873 882 890 892 990
477
31 40 47 86 110 168 254 293 303 323 344 393 405 407 440 443 481 552 602 759 763 817 836 880 932 971
4
56 82 98 138 146 151 153 194 201 225 236 245 321 424 463 490 551 554 562 567 575 716 748 750 765 800 825 942
257
7 53 54 82 139 162 215 221 249 260 322 364 449 472 480 499 525 563 574 626 663 694 720 749 817 855 896 902 931 941
790
23 29 47 52 71 135 176 200 213 228 237 254 259 270 305 375 378 379 390 399 501 512 517 538 554 591 616 626 682 755 776 843 860 868 902 919 949 968 970 972
931
10 12 51 54 116 130 156 177 219 226 235 257 258 279 331 351 362 408 410 426 450 592 604 629 655 682 694 728 731 772 775 789 809 824 838 844 907
930
23 30 34 42 64 91 133 205 226 270 334 375 377 398 413 450 483 498 625 710 804 881 912 954 976 991
766
19 27 64 65 110 135 139 149 156 177 207 228 271 311 315 394 405 427 461 521 533 582 595 654 683 698 704 720 736 833 878 897 974
87
35 47 71 74 77 95 102 135 155 182 268 273 301 302 330 337 389 396 403 410 423 431 437 441 452 455 473 577 585 604 642 711 754 796 818 843 915 930 961 970 975
201
37 88 128 152 173 177 181 232 233 262 269 282 305 313 335 344 370 426 440 441 448 473 493 577 608 666 670 740 778 779 791 909 959 986
93
6 41 50 129 152 241 294 334 348 364 426 463 550 710 814 853 932 966 973
156
7 30 121 242 278 296 404 446 483 486 488 492 547 570 571 595 618 662 670 675 679 822 842 869 892 926 933 963 995
37
5 105 140 157 164 182 238 240 248 262 270 288 289 313 367 387 539 549 594 603 608 637 681 706 713 735 778 820 826 828 843 885 965
818
31 35 231 253 321 328 361 374 434 480 490 516 547 565 654 675 741 776 802 893 921 960
364
16 40 43 58 100 103 139 169 174 265 275 294 301 303 308 323 331 338 344 349 399 420 430 563 598 628 632 681 695 709 743 745 896 945 951
104
32 47 82 93 106 123 136 148 194 244 254 255 269 275 288 313 338 350 436 451 473 482 495 557 612 654 680 707 729 775 811 827 836 851 938 959
438
14 64 107 118 153 164 201 248 255 256 257 267 300 309 330 355 413 427 460 477 494 509 535 633 704 717 719 739 745 821 835 877 904 919 938 947 979 987
17
11 92 118 124 152 179 203 252 310 359 371 405 414 416 468 476 479 489 528 558 562 590 620 637 654 662 697 707 718 731 767 851 863 956 958
255
16 22 55 110 122 157 175 237 263 276 375 466 526 558 616 619 628 669 702 703 786 795 899 924 984
495
6 8 52 62 136 189 205 252 343 375 378 394 501 519 520 591 596 612 617 669 671 673 789 810 832 846 849 894 901 920 938 980 997
402
92 104 116 131 188 197 295 300 369 419 455 520 563 570 693 714 715 721 725 802 821 867 877 916 934 987
376
8 23 97 115 159 183 208 247 277 305 309 430 454 466 496 625 666 689 712 721 725 746 774 796 838 912 962 995
847
2 67 75 90 157 175 204 220 288 326 344 368 369 385 391 402 408 415 442 456 467 524 556 695 712 722 731 810 847 904 947 994
364
13 100 151 169 177 187 196 215 253 280 345 408 435 485 486 488 509 580 583 670 686 690 697 756 772 776 778 810 818 821 830 843 869 910 937 956 976
243
21 70 85 114 141 174 216 241 299 394 465 479 498 528 647 654 656 661 680 822 847 848 875 877
247
83 87 95 122 130 133 152 249 283 300 303 327 379 394 426 495 520 527 547 564 641 670 676 700 756 839 844 845 901 902 973
347
18 29 39 42 88 108 118 168 225 236 259 311 353 359 408 411 439 448 454 455 475 519 543 584 602 627 645 649 692 733 899 944 947
385
73 77 114 124 135 151 216 299 325 330 423 444 527 591 593 629 727 738 756 766 767 786 794 855 908 909
533
16 30 33 44 115 128 159 173 183 210 257 316 404 421 487 498 519 524 550 621 629 708 763 772 795 812 818 828 870 922 963 972
554
45 99 189 247 248 263 265 291 334 384 406 451 491 550 554 668 673 697 708 711 713 788 791 801 890 900 907
598
25 69 77 87 139 145 202 227 255 278 315 318 413 414 420 440 459 464 540 542 567 578 594 610 612 716 724 733 776 839 853 890 952 984
477
56 76 83 105 163 183 192 196 263 280 294 322 384 412 415 417 428 429 460 475 511 515 544 561 581 590 646 652 654 691 724 731 754 781 790 793 807 810 824 848 860 882 940 988
89
15 21 22 31 82 93 103 113 129 138 183 211 222 280 348 355 364 366 387 417 449 467 518 580 647 697 714 729 774 779 799 849 868 925 966 967 969
624
39 51 68 77 125 213 229 258 316 321 361 381 422 456 480 526 541 632 676 683 695 712 783 789 826 844 949 971
327
17 20 43 67 70 100 223 230 281 292 312 353 414 418 419 435 439 519 549 565 582 615 681 735 749 761 780 782 949 964 967 972 992
174
80 88 156 176 215 220 252 276 349 405 421 513 516 556 582 593 653 680 682 753 793 800 855 862 888 978
364
39 43 62 76 107 120 235 236 242 250 307 310 329 372 377 388 393 423 430 438 460 467 502 511 560 648 651 657 666 716 719 721 729 755 760 803 850 926 974
800
2 8 38 49 74 267 269 284 289 304 365 381 395 412 425 569 585 631 648 665 684 686 695 741 750 777 808 809 819 885 901 902 915 920 948 950 958 997
37
12 20 76 144 146 181 273 323 368 400 421 423 425 439 451 473 490 540 551 579 669 797 814 818 879 919
791
7 65 160 217 238 278 308 344 403 502 506 574 577 598 600 633 657 662 677 715 716 721 727 734 748 771 860 919 957 966
105
30 44 70 103 168 181 191 258 292 299 309 325 341 362 433 461 502 530 541 576 584 587 609 675 694 714 725 841 864 881 899 915 928
273
26 42 89 95 102 133 145 171 228 233 256 269 319 344 375 384 403 429 434 454 459 469 577 597 604 631 652 655 684 749 772 804 828 833 866 978
906
53 55 96 107 114 155 196 207 276 279 323 360 370 373 442 445 575 582 604 617 628 642 678 738 761 770 808 869 902 923 975 981
873
111 197 237 238 292 319 320 334 355 444 448 465 514 539 557 566 581 586 592 601 645 695 725 749 855 870 902 932 943 954 955 996
320
42 88 89 127 142 148 168 185 232 308 309 325 369 421 511 577 591 639 643 673 696 707 721 760 766 772 791 796 844 866 874 892 905 931 936 943 996
150
22 60 87 107 145 157 170 179 219 302 325 383 397 404 430 442 496 507 526 551 554 587 627 690 692 760 763 825 855 931 939 959 980 991
424
30 68 80 130 150 189 210 286 378 438 507 542 549 558 613 624 626 650 653 703 735 752 768 852 898 909 911 949
624
15 31 80 101 106 131 133 180 213 258 266 305 332 341 356 357 379 407 440 453 498 504 506 533 537 548 635 645 674 681 697 701 772 777 797 873 929 957 960 970 982 985
161
7 32 47 49 226 232 244 249 250 274 331 361 379 407 435 452 457 468 479 512 537 567 590 595 672 683 706 777 784 799 927 931 941
773
4 11 14 19 68 87 96 128 178 181 240 247 270 284 347 391 410 454 480 489 567 599 608 652 815 870 948 987 990
558
14 20 31 73 101 113 161 162 215 277 280 383 384 422 437 458 485 490 505 522 558 571 612 634 656 659 677 685 731 751 756 757 795 813 814 817 834 860 938 947 975 981
220
2 40 93 148 206 282 298 331 394 397 486 508 561 583 631 632 636 826 871 891 935 937 958 962 981 983
604
106 138 199 207 272 282 328 338 351 355 357 387 394 410 446 511 551 598 606 641 684 690 759 910 935 959
499
4 24 59 63 94 211 217 246 405 425 474 481 532 568 578 605 661 663 664 689 724 737 907 921
59
49 52 59 64 99 178 180 193 220 227 241 242 248 286 300 312 356 365 371 377 408 534 589 591 595 607 624 628 641 719 777 818 889 952 959 965 968
46
56 72 132 185 208 275 338 343 463 498 546 587 599 651 686 719 768 772 804 892 905 973 976
493
26 51 52 59 71 121 167 196 255 295 366 374 426 467 607 626 638 731 749 784 797 799 811 824 835 841 847 862 863 880 924 940 973 984 987 994
604
4 52 64 73 80 115 170 187 289 315 343 371 374 406 431 482 537 607 625 667 674 684 697 701 728 762 769 778 832 842 871 876 949
748
81 114 142 144 161 209 331 335 396 404 409 436 457 494 510 511 641 646 660 674 765 795 797 835 888 919 940 989
654
30 37 134 161 229 259 266 332 354 367 404 432 439 476 499 513 520 550 587 645 708 775 913 934 945 949 954 969
478
15 40 51 69 87 92 98 141 178 225 228 281 364 374 389 435 438 460 532 546 624 672 674 752 755 798 823 859 876 882 898 903 904 913 919 924
78
22 47 83 104 106 134 145 165 181 215 234 269 277 353 419 421 552 570 573 627 687 709 719 754 757 775 818 898 910 956 976
998
14 17 31 45 62 74 109 111 173 175 213 233 280 331 335 424 437 455 476 491 543 589 658 661 685 776 783 827 859 882 888 929 967
950
35 63 70 94 200 290 306 314 347 367 491 500 541 598 661 669 692 706 736 797 827 860 870 905 945 993
778
9 19 23 57 107 165 235 251 255 276 325 329 470 498 624 706 720 730 920 963 976 984
464
10 19 25 59 118 126 152 196 268 271 297 345 406 437 527 535 643 697 701 715 719 724 763 777 813 842 871 893 950
811
58 136 185 188 229 231 245 309 336 347 356 383 397 416 418 500 538 552 559 578 582 629 651 654 673 699 727 732 742 815 820 915 964
766
9 33 264 266 282 297 381 389 398 406 407 424 429 436 504 534 551 593 618 626 634 742 752 767 772 821 854 866 875 885 899 924 980
559
8 75 95 129 138 148 211 239 270 340 366 403 456 459 470 502 573 601 627 662 663 669 742 748 878 880 932 983
722
6 113 120 122 158 167 183 213 219 254 268 309 310 317 322 326 351 372 422 435 446 489 595 626 663 727 752 754 780 795 800 847 915 917 970 987
262
7 13 86 102 193 202 219 222 246 248 253 279 281 351 402 416 418 427 485 508 548 585 591 601 666 684 695 736 784 851 861 908 974
210
5 19 36 122 129 146 149 166 226 267 280 311 319 383 396 410 549 557 570 666 678 750 754 835 844 873 902
486
15 87 91 106 118 135 141 168 195 210 218 228 237 282 311 327 517 539 641 650 764 810 860 874 914 921 925 978
800
12 159 197 273 284 314 337 370 397 408 414 429 456 473 503 510 514 564 580 590 601 626 628 629 649 694 699 865 895 935 940
827
4 42 56 81 150 173 177 183 228 233 314 347 352 384 386 426 448 470 496 543 549 569 580 631 686 722 733 736 737 742 762 801 940 948 954 972 973
110
20 50 133 150 160 161 179 220 230 272 297 329 370 410 463 482 505 506 530 619 763 784 798 818 833 903 944 949 966 976 989 995
156
19 45 89 97 139 167 283 292 442 476 512 574 576 583 603 627 721 756 763 787 824 834 859 875 908 917 950
312
54 55 81 122 128 216 218 257 260 277 279 312 324 388 407 421 494 515 523 532 534 546 548 554 616 626 632 649 675 683 689 708 717 771 792 793 935 995
288
45 52 73 99 108 113 242 246 343 358 411 457 465 523 566 577 655 675 684 699 845 874 920 928 948 963
349
17 54 87 157 162 214 216 241 242 249 256 285 315 420 432 473 488 528 533 535 578 581 606 634 658 716 718 721 748 762 775 800 814 847 869 884 913 932 957 972
16
41 66 90 121 134 169 185 192 200 249 292 323 366 369 377 399 415 449 486 490 495 501 526 527 534 588 595 607 615 671 715 725 742 749 796 798 805 829 831 833 861 877 884 886 890 942 947 963
495
34 47 141 155 195 234 237 269 277 311 313 323 329 372 391 415 469 515 559 596 630 715 768 794 815 847 848 915 932 942
872
43 50 62 112 182 201 205 219 235 267 280 294 328 348 405 407 423 494 533 624 695 699 713 762 769 781 793 836 872 896 939
326
37 96 100 164 187 208 215 218 348 398 413 420 425 461 488 567 573 617 701 718 754 757 832 833 934 938 972 976 990 991
11
6 16 62 85 205 297 303 342 343 358 391 423 460 461 471 490 507 538 556 569 576 587 630 644 645 658 706 708 733 801 864 966
118
3 20 49 64 77 78 93 142 196 313 341 349 377 413 435 450 462 480 483 496 528 580 584 590 602 614 629 688 706 725 733 749 795 806 874 950
899
3 14 25 27 48 52 57 58 140 266 293 316 330 390 417 452 453 455 478 515 556 571 625 663 710 733 753 767 779 788 822 823 966 991
912
40 55 76 135 172 183 244 259 290 291 337 349 356 437 533 537 573 615 631 646 650 740 774 777 778 785 800 802 832 863 879 916 946
867
29 57 99 102 130 246 251 258 333 342 343 381 395 455 472 500 516 532 545 595 648 654 723 724 759 786 795 851 909 954
316
4 60 75 98 117 221 233 315 323 406 420 459 466 470 480 484 531 567 580 597 627 659 683 698 711 727 728 832 842 857 896 910 923 936 941 961 966 967 985
32
98 147 151 163 216 235 283 291 312 322 347 361 404 432 447 468 484 516 616 620 733 745 830 832 882 904 947 981 989
230
29 40 52 71 94 146 151 168 170 173 201 228 239 280 281 385 423 425 433 446 500 538 553 617 642 674 686 717 730 757 863 881 943
704
79 129 174 192 227 244 355 499 500 577 610 618 631 642 654 682 707 732 793 811 819 835 851 867 876 887 898 922 937 941 948 971 989
286
49 110 124 153 203 279 323 366 369 416 490 498 500 507 520 521 539 541 551 577 597 657 659 671 675 708 718 733 734 776 784 785 824 839 848 852 864 870 879 926 931 941 969 987
302
29 46 58 116 148 157 209 265 345 376 456 476 482 543 555 565 579 595 614 616 626 628 654 763 779 868 890 895 931 950 953 964 965
390
1 9 44 96 112 125 158 179 192 196 225 264 273 290 404 414 473 503 511 534 561 573 593 599 650 705 720 730 834 842 869 895 984 992
722
20 24 35 178 299 484 509 527 657 707 712 732 749 753 792 802 807 836 921 925 965 975 987
698
29 48 131 139 166 311 335 395 405 451 456 485 503 522 573 607 720 766 810 863 884 921 926 985
577
33 52 64 216 245 311 338 440 442 456 478 484 564 573 598 621 629 667 688 816 924 950 980
246
55 67 115 170 190 240 255 270 284 361 374 392 407 419 447 479 605 681 728 742 765 770 771 777 789 815 831 846 850 944 947
871
27 190 209 215 227 271 307 331 356 389 448 449 467 469 518 554 689 693 704 736 767 768 797 815 868 874 921 942 951
314
35 81 147 164 249 326 357 363 429 496 511 584 655 707 739 795 818 879 885 932
531
75 95 135 176 222 261 269 273 335 345 414 421 427 463 486 564 591 628 697 837 881 960
562
2 6 7 10 12 42 73 82 84 130 138 149 173 180 190 253 424 477 480 512 525 635 654 687 695 709 713 777 787 794 875 892 893 903 940
854
4 9 54 61 88 90 98 169 194 244 302 472 484 502 582 629 721 754 763 811 834 970 978 983 996
149
20 21 55 103 111 112 136 159 174 234 239 279 283 288 297 321 324 344 346 414 420 437 583 604 620 666 669 671 684 691 708 738 750 765 827 851 886 895 923 948 972 973 977 981
465
6 125 146 181 263 283 290 298 319 395 419 471 482 522 577 585 612 629 653 701 730 737 786 853 893 932 986 989
430
3 100 109 172 241 255 317 402 427 453 456 460 487 510 528 540 568 587 614 620 678 679 680 718 719 751 804 817 829 837 847 884 908 935
84
11 15 18 27 30 82 122 170 183 243 372 388 391 399 417 468 494 500 509 586 596 632 644 670 763 788 801 818 844 871 923 930 934 973 982
885
95 108 139 190 204 210 233 246 298 318 335 367 413 446 500 506 507 517 588 620 679 687 699 715 772 777 797 807 811 871 877 987 997
447
9 45 58 181 196 201 202 239 323 377 416 429 452 461 488 530 560 566 577 603 617 670 696 714 742 793 804 822 840 926 951 961
709
4 14 32 123 226 232 279 282 366 380 453 499 539 600 601 648 649 656 737 754 760 763 788 813 849 850 900 918 957 962 986
999
14 35 53 90 111 118 127 143 149 157 180 203 209 229 273 275 301 322 331 345 377 423 464 579 612 613 648 690 701 715 720 759 820 822 832 836 842 846 862 883
636
41 45 116 139 165 207 220 252 262 290 328 331 334 336 380 388 415 447 468 476 489 546 561 593 632 714 717 728 842 851 854 888 892
181
1 18 65 83 103 106 123 253 264 290 323 353 395 430 437 477 499 557 593 600 624 660 672 675 784 790 792 822 852 855 865 880 894 913 926 931
345
10 19 82 84 115 143 158 258 263 272 294 325 332 340 370 372 382 389 444 447 496 506 532 544 545 577 619 625 635 666 721 727 822 859 880 886 893 937 957 984 997
501
40 66 134 148 164 174 211 236 268 282 374 440 468 490 555 558 577 653 666 709 727 747 749 827 870 895 899 918 942 960
863
12 30 202 344 359 418 423 475 534 546 549 557 597 624 653 662 666 752 766 786 834 861 921 947 992
506
31 40 52 81 87 121 169 194 223 227 287 360 441 472 501 572 608 610 616 639 659 664 671 673 687 765 791 828 840 886 931
294
17 28 74 77 101 116 123 156 224 225 241 277 280 299 322 341 370 418 419 478 498 544 547 549 556 557 571 581 640 672 723 735 826 855 865 875 971
564
38 40 93 99 116 130 155 156 157 201 249 253 257 268 270 274 365 428 526 527 528 537 587 635 662 727 812 844 860 870 895 919 974 985
329
12 29 37 43 62 63 86 158 166 174 206 266 313 322 462 470 493 512 590 669 687 707 741 745 761 762 792 814 834 856 857 916 937 969 976
569
10 53 62 91 104 118 179 195 294 302 311 341 373 483 486 527 543 598 659 830 930 948
266
44 71 153 168 190 205 224 232 271 297 358 359 365 435 448 505 540 564 668 669 671 681 682 684 706 751 757 760 832 852 887 899 924 945
862
25 33 35 56 76 87 118 205 241 260 292 364 403 448 473 478 483 508 584 591 643 681 688 851 860 899 906 910 920 947 951 955
507
44 171 190 200 247 269 274 280 312 360 368 407 414 418 500 518 539 569 580 617 621 649 651 661 666 711 724 736 778 818 832 883 904 933 936 980
314
43 74 95 115 162 257 287 358 432 446 500 508 524 547 565 604 652 660 775 786 795 816 902 915 964 988
535
41 93 96 176 192 197 222 351 393 444 451 510 522 523 595 616 685 724 801 871 908 965 979
718
58 93 233 266 271 284 440 462 537 552 570 587 598 601 606 645 698 699 721 740 751 798 835 841 882 895 919 922 951 973
319
29 44 146 151 161 243 378 391 415 422 467 489 642 650 660 828 830 851 865 869 889 925 960 991
624
77 89 150 194 232 253 255 256 287 334 350 373 380 414 488 499 550 667 672 679 737 753 797 842 883 889 896 923 938
318
57 81 95 100 133 155 159 200 206 212 251 331 401 426 504 528 555 613 630 633 638 663 694 699 831 951
56
52 123 200 208 216 241 270 353 398 520 581 584 609 610 628 644 718 754 763 920 932 972 990
189
61 77 87 91 141 153 280 326 330 333 363 411 414 457 475 518 530 538 550 610 688 699 718 750 770 852 866 970
221
12 25 42 73 82 130 159 160 161 204 223 244 289 328 343 433 435 493 504 665 802 816 899 902 949 955 973 986
134
18 21 39 62 105 186 208 216 229 232 240 267 352 374 393 397 407 461 483 502 507 535 577 580 591 685 686 709 735 745 767 775 802 830 839 845 867 873 910 977
562
73 83 86 121 143 144 165 234 281 305 429 475 493 516 556 583 612 615 643 657 659 683 725 769 803 836 875 884 915 936 949 957
494
23 59 69 92 176 178 207 231 275 298 314 376 382 387 422 475 482 501 525 622 623 633 643 688 692 706 733 782 804 849 859 887 989
979
12 59 240 261 309 385 387 417 430 444 465 471 481 526 528 553 563 590 604 610 623 629 633 677 692 721 752 762 790 894 988
495
50 57 60 77 108 132 142 174 180 186 226 265 274 280 338 341 349 381 421 479 490 575 637 658 712 717 767 814 927
177
2 7 67 102 140 149 157 179 193 249 268 316 408 420 457 536 538 547 563 581 610 626 710 736 767 780 808 825 870 880 895 914 917 968
670
16 49 52 90 102 143 166 214 229 254 262 277 294 316 336 355 367 384 479 499 552 613 614 640 672 674 691 701 707 756 818 820 967 989
504
57 105 118 125 130 149 174 253 254 265 271 302 314 344 398 441 538 570 608 671 682 777 793 826 827 843 864 883 898 931 947 957 958 972 977
453
31 33 87 121 151 214 216 221 227 236 381 395 419 443 447 460 503 523 580 586 587 661 710 733 734 745 747 833 841 875 904 905 938 963 987
220
14 27 37 52 114 142 164 168 201 222 273 318 360 415 422 435 454 474 478 481 493 562 644 665 690 703 774 777 785 814 832 842 941 970
931
36 49 130 139 163 226 293 306 348 371 373 379 391 426 441 457 462 496 555 580 598 641 680 747 765 796 868 923 935 957
77
124 156 157 174 206 207 222 225 230 244 250 297 314 317 370 423 553 577 777 820 875 898 923 962 995
492
1 15 33 75 93 225 307 317 354 373 449 500 511 532 553 574 622 684 703 709 715 756 768 773 813 864 895 902 932
418
9 79 90 103 106 111 140 187 234 276 280 310 322 338 375 378 451 455 486 492 526 534 574 623 631 649 751 761 762 768 790 810 817 922 946 953 972 987
430
41 134 209 284 340 358 401 414 416 421 456 506 510 552 554 575 585 597 631 636 703 704 770 848 879 918 920 984
926
6 28 64 71 95 131 141 154 167 188 208 221 247 261 262 273 315 346 348 356 360 381 518 520 550 551 565 581 604 619 681 735 760 762 772 798 858 869 927 955
625
45 63 122 137 142 157 164 174 194 219 275 321 333 367 374 387 388 412 426 534 574 585 588 609 650 654 719 876 897 948 960
417
39 178 182 186 189 195 281 299 350 351 358 437 449 500 501 505 543 568 579 593 609 610 645 668 744 806 836 848 863 874 882 904 925 989
439
11 23 27 46 48 62 75 82 103 135 167 183 232 306 307 339 367 385 397 403 422 432 443 475 484 596 600 617 659 708 732 804 861 899 905 952 958 967
785
2 7 60 64 71 115 144 164 292 295 313 358 393 414 431 446 483 496 539 543 550 644 671 682 779 787 811 824 859 862 915 975
673
25 39 69 71 91 117 120 124 159 264 275 327 378 380 437 441 469 602 603 655 658 742 752 776 834 836 859 864 914
752
15 24 34 35 37 41 44 50 51 53 56 61 63 64 69 72 78 81 94 103 105 112 113 118 121 123 130 142 144 146 156 163 190 199 213 218 223 236 245 247 249 268 270 272 274 283 284 291 295 296 300 304 306 315 317 323 326 331 334 349 350 352 357 368 381 400 403 404 421 424 438 441 456 458 472 493 494 499 520 524 534 535 541 549 560 565 570 576 580 611 652 653 658 677 681 692 696 700 703 712 729 733 739 743 753 755 759 764 774 787 789 793 794 796 799 804 806 814 816 843 852 860 863 870 871 874 877 881 882 889 892 896 902 918 923 925 935 936 944 945 946 952 959 960 977 985 992 994 998
280
24 26 34 64 84 94 126 136 158 165 203 235 246 265 426 436 438 461 475 487 515 517 572 649 654 657 747 748 764 786 799 812 827 872 903 942 970
786
27 42 105 120 149 174 212 222 265 303 312 317 331 382 458 466 509 534 540 548 553 584 588 589 597 632 647 722 745 761 768 824 834 844 923 958 980 990
806
23 166 169 174 183 184 254 333 348 358 398 403 410 469 513 557 576 588 597 626 627 641 702 712 744 751 764 800 822 858 862 876 916 932 935 945 982
599
23 52 61 143 150 284 290 328 331 437 442 447 459 488 520 524 525 536 580 615 736 761 834 878 891 913 957 993
622
10 48 72 79 106 161 162 223 282 288 321 366 373 376 474 480 556 579 620 636 668 745 780 809 828 847 858 941 942 966 990 995
996
26 40 52 57 69 75 111 115 130 171 244 252 262 304 307 308 347 349 354 404 430 432 502 507 519 540 705 727 742 801 846 883 916 945 975
994
11 24 60 157 159 166 185 222 256 368 380 402 431 453 477 511 539 542 552 558 576 614 675 720 844 889 902 908 914 986 989 997
963
84 109 132 172 223 254 276 282 304 318 321 324 351 376 390 440 472 523 546 559 576 593 700 762 855 857 880 935 951 971 977 978
983
57 91 99 107 151 163 223 227 251 280 302 330 360 391 421 440 442 447 449 478 485 488 489 537 593 631 654 696 721 752 815 829 836 857 859 863 924 928 947 970
438
14 41 70 87 127 178 212 224 342 402 519 537 538 565 566 624 636 649 666 695 717 719 754 761 771 784 786 796 860 885 897 907 962 984
7
40 42 44 83 127 135 189 228 280 284 324 333 406 410 508 524 526 548 594 600 651 674 756 798 802 815 827 849 881 882 903 929 960 965 966
790
38 110 124 133 137 160 163 194 209 215 222 239 248 250 329 330 380 423 438 445 527 554 563 608 650 674 694 715 743 769 772 776 831 848 851 881 914 918 979
417
59 104 230 290 293 314 357 370 416 443 466 468 478 533 534 542 556 589 620 642 652 680 695 702 734 744 793 820 825 842 877 883 915 937 949 952 969 986
973
37 74 83 88 108 127 128 222 260 420 440 550 557 612 635 654 662 682 720 756 840 841 887 903 912 934 950 952 969 976 983
655
63 65 67 84 85 111 145 149 170 240 255 293 296 360 403 455 521 582 603 614 713 735 739 744 768 787 808 814 818 822 842 875 897 931 937 970 978
721
21 28 36 61 70 116 121 122 232 278 298 304 329 333 339 355 378 428 449 479 506 515 556 584 611 638 690 746 780 803 878 879 912 928 944 956 984 985
974
11 94 106 127 167 191 241 277 283 302 307 315 450 453 479 495 579 604 609 642 661 690 703 710 717 718 775 782 789 859 866 914 936 940 954 995
808
8 10 59 67 80 87 92 136 184 236 264 294 345 408 414 419 428 445 459 510 523 568 571 623 698 712 778 789 796 801 854 857 869 878 919 953 963
114
10 21 30 56 131 134 163 245 296 315 324 330 336 338 388 419 479 488 506 511 529 580 592 616 622 627 654 671 672 675 753 817 832 856 894 901 905 935 960 966
550
17 60 84 129 141 161 180 258 263 271 323 332 344 375 392 421 431 509 529 566 567 668 672 770 813 849 891 898 931 958 967
790
2 23 35 42 43 53 94 129 155 172 185 194 225 230 234 250 282 302 337 376 402 550 650 666 749 779 821 885 887 889 897 928 929 936 957 989
303
9 26 35 82 85 88 97 130 137 143 201 307 333 368 370 381 385 424 450 471 493 503 523 545 616 661 705 739 741 755 796 830 893 919 925 929 931 942 982 996
788
1 5 24 90 92 107 152 198 241 289 298 313 316 329 350 354 392 410 414 418 467 527 558 578 584 585 597 606 633 639 667 748 802 803 830 875 891 986
50
32 58 86 96 104 108 220 229 274 285 300 310 408 443 568 586 643 675 680 750 766 779 797 852 902 906 923 975
492
30 39 41 75 90 106 121 153 181 248 264 291 339 412 421 431 556 574 609 643 676 685 734 760 847 851 858 865 895 912 967
450
122 139 224 231 234 252 272 293 396 428 536 609 633 753 755 823 846 860 866 872 905
980
46 47 77 82 131 254 265 271 277 354 412 461 466 477 564 585 610 622 658 679 866 890 924 949 953 960 962 973
972
8 27 33 35 48 59 117 122 149 156 161 178 217 232 237 246 309 350 354 375 392 518 527 528 538 549 559 582 687 765 793 794 795 809 813 865 902 907 922 924 934 954 984
845
4 47 101 104 123 127 168 188 239 307 331 332 354 448 468 483 490 499 514 537 557 562 594 613 616 618 660 675 712 741 743 840 959 977
473
68 96 101 133 163 212 220 319 360 362 389 408 490 493 550 571 624 648 675 714 719 731 743 755 858 872 884 887 922 941 972
55
23 68 88 124 175 187 200 204 218 239 262 271 281 342 357 373 475 487 520 537 547 587 592 626 634 648 687 700 716 748 766 787 868 910 915 922
715
8 14 24 38 90 129 207 209 223 293 355 371 375 378 460 591 652 655 661 680 701 707 710 741 751 764 807 853 869 876 931 952 958 961 980
419
8 18 19 38 70 77 90 153 160 163 164 168 177 256 315 398 417 438 449 468 491 495 516 549 601 620 652 679 729 737 781 939 954 956
722
72 142 146 158 181 211 304 318 319 325 351 352 362 366 367 378 394 398 433 442 521 534 537 608 632 656 657 662 701 712 714 726 739 768 791 814 827 843 896 899 914 921 922 926 930
663
106 113 123 124 154 226 228 246 303 331 385 421 433 476 481 536 558 583 604 738 743 770 831 832 977 983
305
37 70 112 122 141 147 155 157 200 254 281 301 313 374 389 416 432 439 496 508 510 541 563 586 591 657 682 708 731 779 821 914 930 953 970
105
23 68 88 124 175 187 200 204 218 239 262 271 281 342 357 373 475 487 520 537 547 587 592 626 634 648 687 700 716 748 766 787 868 910 915 922
790
31 94 104 130 144 182 185 193 203 278 304 312 372 423 430 500 584 589 651 692 710 718 754 758 790 798 821
486
19 153 161 173 181 264 303 334 342 396 403 405 408 530 573 648 667 713 741 754 770 775 968 987
977
2 81 104 122 138 214 216 237 298 319 431 488 515 618 640 707 726 789 793 832 846 863 883 906 953 963 966
772
8 11 65 72 85 214 235 305 405 430 480 509 554 591 637 664 676 704 729 766 795 890 902 923 937 956 966 977 981 989
849
2 90 95 169 174 268 301 313 318 332 349 352 416 471 498 513 517 550 603 628 651 678 701 708 710 713 826 888 898 956 976 987
665
20 25 28 38 87 102 103 108 117 142 158 237 238 256 281 282 322 329 360 371 383 404 430 434 508 511 519 557 574 594 597 612 668 693 702 704 748 856 885 920 929 937 967 997
864
10 99 107 123 129 152 156 204 222 223 231 234 248 290 303 342 353 504 534 556 582 620 627 630 641 644 670 682 686 742 752 756 778 825 832 906
106
23 68 88 124 175 187 200 204 218 239 262 271 281 342 357 373 475 487 520 537 547 587 592 626 634 648 687 700 716 748 766 787 868 910 915 922 999
715
37 48 60 72 73 109 140 283 301 308 311 323 339 412 430 432 494 587 672 709 715 724 732 733 734 738 762 770 779 834 850 861 878
742
72 77 123 126 157 206 257 275 289 342 419 422 456 551 571 595 601 611 625 702 718 724 749 790 802 825 882 969 986
741
6 36 58 88 97 106 109 149 160 220 243 301 395 423 464 472 513 514 520 570 648 657 677 730 752 789 799 800 807 879 971
697
59 133 162 223 248 258 275 277 300 430 502 517 533 564 585 607 621 622 659 668 681 694 728 737 740 797 810 812 881 910 938 978 989
876
16 36 66 92 125 180 217 243 329 526 584 604 631 642 658 686 687 768 777 810 818 843
452
8 85 89 141 152 206 225 238 266 354 387 437 500 503 518 548 563 570 630 671 895 916 965 997
559
16 108 112 178 205 252 317 352 365 378 412 431 497 531 557 632 653 689 731 754 778 803 825 875 933 997
58
3 17 36 118 230 237 276 318 344 359 394 395 411 427 500 532 541 565 595 646 700 711 767 815 821 840 854 906 917 923 937 985
667
79 100 136 143 158 283 313 391 419 626 666 701 704 705 747 836 837 914 942 968 969 980
307
22 28 58 93 111 129 148 171 280 288 290 295 343 382 389 423 440 458 511 568 573 584 606 610 649 663 682 758 837 868 873 922 951
583
1 13 26 51 116 210 228 239 249 252 299 373 483 493 509 512 587 592 602 724 747 764 770 780 932 948 958
945
35 50 84 103 153 170 189 195 267 294 326 345 372 396 410 461 470 475 517 522 540 544 629 666 672 701 702 720 735 749 819 871 904 917 930 938
996
8 19 20 53 56 193 229 255 258 281 317 345 346 366 398 466 475 504 509 514 518 533 538 567 614 638 643 651 656 659 664 723 788 804 808 820 826 834 849 852 853 932
914
22 25 51 64 153 245 246 252 253 282 292 331 358 406 410 422 459 470 485 508 549 566 579 612 618 663 683 730 756 828 871 965 977
646
12 43 65 127 145 153 218 239 262 295 296 358 369 422 423 459 481 488 522 574 659 689 742 830 839 844 860 885 896 909 916 967 984 989
386
72 104 114 129 147 148 190 304 335 361 382 426 427 513 552 555 770 791 833 847 897
547
57 98 141 180 245 253 255 283 329 462 471 699 728 783 790 796 832 885 898 915 926 983
303
31 32 84 117 135 171 182 183 194 307 316 327 336 363 375 398 420 428 474 534 537 562 595 613 639 666 681 741 745 751 763 788 800 836 838 849 854 910 924 943 973
643
26 54 140 163 210 215 265 269 281 314 330 334 379 381 468 487 496 498 510 557 610 699 716 731 746 792 826 861 892 893 909 937 940 951 967 983
891
2 10 21 44 80 102 108 120 161 167 182 197 203 239 243 284 288 376 389 392 397 422 546 635 648 666 680 697 796 797 805 809 821 843 845 870 880 906 993
971
40 58 133 150 165 166 173 180 228 230 246 255 278 301 326 329 344 426 448 451 529 536 542 561 562 573 583 588 595 611 629 643 660 683 695 789 811 825 838 865 871 891 932 945 994 996
662
6 9 25 93 100 110 113 119 135 170 173 196 310 318 322 331 348 356 376 377 402 409 523 526 622 652 715 717 792 816 874 884 917 930 948 975 984 989 997
352
33 52 70 120 144 161 196 233 246 321 326 330 354 360 370 387 389 391 398 410 542 605 622 674 730 771 777 808 827 911 918 923 928 967
603
27 103 243 265 306 309 368 377 381 406 412 482 507 568 579 662 678 691 748 769 808 816 849 853 909 944 949 977
299
59 65 77 90 109 123 125 138 188 200 214 228 252 264 276 292 353 361 480 483 532 562 564 567 588 653 664 707 726 744 758 770 828 938 991
825
39 55 90 99 107 123 136 148 183 189 225 272 296 312 353 374 393 452 480 551 575 582 703 770 797 809 850 868 881 913 925 953 988
913
27 103 243 265 306 309 368 377 381 406 412 482 507 568 579 662 678 691 748 769 808 816 849 853 909 944 949 977
299
56 128 170 224 242 274 291 313 339 340 373 417 434 443 447 478 503 508 524 592 635 647 658 660 665 667 671 701 730 755 807 919 943
81
10 70 83 115 140 168 202 206 250 311 321 338 354 386 394 420 426 439 486 501 506 513 514 517 544 577 583 626 657 756 817 892
4
52 114 116 159 219 334 344 356 357 362 389 408 420 422 457 483 486 625 658 663 667 677 683 701 720 757 780 787 834 910 922 953 987
141
43 72 102 126 145 151 247 272 273 297 360 532 548 558 610 616 679 688 705 714 727 735 736 838 851 902 907 930 956
826
4 34 71 88 101 111 164 191 212 227 236 250 284 291 311 335 353 401 432 437 442 499 500 504 538 603 648 659 664 674 679 739 828 830 852 873 876 919 922 925 936 949 960
6
17 96 111 172 203 215 221 270 272 283 308 342 362 394 411 445 489 500 510 515 529 530 531 552 610 691 692 761 782 860 881 911 950 984 995
651
1 22 58 81 163 228 232 239 243 245 276 286 310 378 387 409 413 465 469 477 516 522 529 568 659 676 727 762 770 817 819 823 848 908 958 959 978
954
9 10 57 129 176 182 277 288 298 342 344 375 433 517 523 526 536 555 567 594 602 616 629 713 719 727 756 763 771 775 814 841 930 950 982 990
108
79 110 159 175 183 210 211 258 287 289 310 326 421 473 509 514 557 563 589 601 661 662 676 684 708 739 811 846 865 877 889 900 902 923 944 952
683
15 61 84 105 193 291 318 319 377 382 391 422 424 461 469 499 503 508 515 517 524 526 542 603 660 758 809 823 825 832 846 870 910 928 939
67
97 101 140 176 197 212 233 323 343 351 371 451 496 516 540 545 548 588 593 596 655 683 815 821 822 957 972
921
17 144 191 218 226 228 254 265 281 289 315 363 364 368 382 386 418 442 460 482 504 536 613 635 672 676 698 701 723 729 742 745 761 816 829 859 865 872 894 930 961 965 977 993
67
99 122 162 205 252 283 284 317 322 356 387 420 440 476 477 490 503 515 524 536 555 567 580 611 628 641 653 655 714 775 791 817 830 831 832 833 843 894 901 930 931 953 975
801
18 90 109 200 211 234 248 252 273 304 391 422 425 452 538 558 571 615 640 668 672 686 690 691 733 746 776 785 789 800 801 880 917
838
4 75 122 128 133 163 197 206 221 329 334 388 408 451 470 493 494 544 568 572 586 597 611 669 728 736 738 757 766 784 793 826 900 935 969 973
591
47 57 74 91 112 115 204 220 249 250 280 313 344 353 383 386 396 397 422 442 449 477 479 487 510 533 543 547 619 638 696 802 828 867 870 938
160
19 41 100 141 162 227 250 294 473 502 508 565 579 583 594 678 709 757 774 830 850 873 900 908 917 931
2
16 18 21 61 66 67 144 152 164 171 172 215 216 234 235 258 263 316 318 387 404 411 462 464 505 517 518 546 656 666 676 677 699 702 881 947 973 974 997
347
143 154 199 230 245 277 284 316 332 341 432 464 507 525 574 610 758 766 823 829 898 939 992
614
53 65 71 121 125 137 146 157 159 173 190 204 232 235 239 249 285 316 331 344 452 453 456 459 487 496 532 538 608 623 654 696 701 718 775 852 863 885 934 961
852
61 91 100 134 144 177 196 213 215 224 265 311 322 332 354 374 391 424 444 459 468 508 519 558 570 576 581 588 597 626 721 755 899 962 973 983
953
8 64 74 97 144 165 175 213 223 245 248 308 326 328 359 412 487 493 514 524 525 562 577 683 691 701 735 776 791 847 858 869 893 910 936 946 947 954 959 963
36
19 61 134 161 196 224 265 277 286 297 321 336 347 367 374 384 409 424 470 472 492 505 517 518 546 622 633 648 654 735 840 859 866 889 970 978
731
18 90 108 127 162 204 272 290 386 401 423 484 514 523 539 542 668 684 701 789 794 824 865 867 875 906 907 918 928 944
99
47 67 149 180 206 215 243 279 366 385 426 454 476 512 517 525 531 538 582 613 644 660 681 723 751 797 807 821 834 844 864 882 918 931 939 963
393
148 164 174 175 242 277 337 444 490 517 535 568 635 636 639 688 746 857 878 921
277
11 133 209 236 315 329 376 468 590 630 633 656 721 728 777 820 975 981 986
306
3 67 82 97 121 138 179 186 249 288 294 305 327 337 421 423 460 516 567 607 609 612 629 676 726 734 747 754 813
487
11 31 98 171 239 260 276 320 329 354 426 490 501 503 517 573 586 620 627 696 936 962 984
243
5 31 67 68 107 123 142 170 212 214 254 279 289 297 306 399 422 509 577 690 693 708 719 797 822 911 977
395
9 49 55 89 105 141 145 181 185 229 309 355 356 365 423 436 482 483 497 511 532 538 555 560 600 633 634 658 713 753 796 831 848 943 951 991 997
789
100 123 125 134 147 154 173 193 211 242 312 317 340 488 498 547 576 608 620 622 662 689 700 760 802 953 962 978
736
64 67 108 135 221 225 257 291 393 410 476 520 547 621 667 696 713 732 745 788 807 864 889 916 936 945 946 990
749
27 103 243 265 306 309 368 377 381 406 412 482 507 568 579 662 678 691 748 769 808 816 849 853 909 944 949 977
888
34 57 84 90 150 200 260 309 331 332 365 374 394 409 453 488 501 534 556 614 625 636 669 673 683 686 713 742 767 786 832 851 887 891 899 908 996
560
41 49 79 88 101 127 141 148 169 211 215 239 246 261 285 294 298 324 327 339 340 346 426 430 434 473 484 544 577 586 654 708 736 775 875 893 913 933 947 948 949 953 970
6
34 85 154 161 213 220 230 235 265 310 349 380 388 453 490 523 549 570 658 728 759 787 790 795 860 880 942
702
58 126 142 155 229 282 316 317 390 401 429 451 454 482 537 576 624 631 649 654 673 703 763 789 844 848 889 927 959 972
140
110 162 242 250 251 283 330 338 349 387 448 472 527 548 549 640 710 715 718 720 723 734 811 866 891 959 960 966 973 985 993
229
7 11 64 73 88 108 189 195 314 368 372 392 434 448 477 484 531 542 651 659 678 707 823 828 867 885 904 920 925 934 959 979
563
19 180 200 295 389 412 433 436 495 503 522 571 592 606 667 692 703 755 812 864 868 910
452
16 20 39 48 78 82 105 122 152 168 227 229 243 259 282 292 327 353 361 404 423 465 557 586 597 606 630 637 639 679 686 719 817 818 887 905 931
398
78 85 89 93 172 197 202 207 232 283 299 411 467 504 559 576 578 605 608 621 639 691 716 720 736 748 772 778 780 804 841 858 892 912 948 982 983 997
69
162 237 312 315 339 354 465 498 546 663 698 723 819 828 854 856 860 869 900 937 943 952 966 980 991
647
32 36 42 108 116 126 136 207 337 344 350 439 463 469 515 532 540 567 590 600 619 622 635 730 741 758 778 850 864 881 907 974
542
5 125 146 171 249 256 352 428 432 434 457 497 502 533 574 650 656 741 745 748 791 808 810 819 851 882 890 932 994
660
21 28 73 97 152 203 204 239 286 331 351 357 368 386 419 456 516 533 535 548 550 562 577 624 636 704 713 747 806 845 936 959 968
769
47 62 69 102 104 110 142 187 196 212 244 330 344 382 423 515 550 577 615 622 652 666 685 692 696 758 775 778 805 868 884 900 922 931 963 972
8
15 22 24 36 88 99 197 234 252 254 324 336 392 439 469 470 490 530 539 639 658 671 727 772 791 837 866 881 888 925 944 953 959 973
145
5 47 57 119 133 145 149 169 192 200 252 285 289 396 442 469 592 608 614 619 664 671 685 705 712 726 732 735 752 833 850 864 878 893 902 907 969 991
859
33 83 98 180 224 262 265 307 360 363 382 429 498 513 517 524 578 580 581 618 619 631 640 674 688 728 759 765 771 775 810 811 836 973 985 996
14
21 81 115 127 163 191 192 262 302 304 305 345 350 361 379 401 403 422 423 427 484 530 533 554 575 620 631 689 703 716 730 736 786 788 799 856 863 908 933 974
950
7 9 14 98 106 114 172 302 311 313 353 397 425 467 501 519 526 577 608 612 636 671 672 710 750 787 808 854 890 909 912 969
353
25 29 41 45 66 131 141 193 203 210 256 258 259 289 290 308 329 356 380 394 468 503 595 634 676 677 681 716 725 743 840 854 855 959 995
74
4 50 74 158 164 183 192 205 253 316 339 352 369 425 435 440 476 559 564 622 629 637 639 674 691 715 788 793 805 813 829 836 848 856 981 997
434
10 18 58 66 94 97 102 106 118 128 134 137 187 193 232 239 260 317 372 379 390 394 401 411 412 435 476 487 548 571 590 599 644 697 797 820 836 886 892 939 977
326
30 42 44 47 52 92 99 110 180 216 217 406 414 538 579 590 622 668 690 710 750 781 858 866 885 900 933 960 965 986 994
220
17 44 80 86 97 102 138 246 248 296 327 349 365 376 394 412 449 462 471 488 497 556 562 608 626 706 748 777 789 806 841 863 899 901 910 932 934 951 955
647
16 39 41 160 171 174 212 221 230 270 293 401 433 502 503 536 547 667 670 673 700 813 820 842 921 933 936 940 947 952 982
486
213 227 247 275 310 312 317 579 608 670 730 799 823 825 980
87
23 151 162 164 170 171 196 309 346 390 418 421 445 578 606 607 611 634 727 789 795 815 839 870 878 886 958 962 996
641
49 56 62 109 147 148 253 351 361 396 420 430 435 440 457 467 477 536 556 566 578 619 701 712 715 720 741 743 745 765 795 826 842 865 888 916 965
510
26 48 69 163 197 234 302 429 451 454 458 482 493 527 540 607 612 622 659 670 743 767 788 799 821 856 867 927 938 948
226
1 89 218 280 285 287 293 346 365 402 435 438 490 555 559 570 587 591 608 635 650 659 693 695 699 704 714 745 758 773 776 811 814 881 900 905 907 934 937 948 958 992
980
99 120 159 198 303 413 416 428 438 479 488 500 504 531 540 561 583 692 754 765 790 805 845 866 897 907 942
587
29 60 77 103 123 154 156 204 221 248 299 409 417 447 534 614 639 643 644 661 684 697 932 964
551
22 71 76 77 89 103 109 119 124 128 130 150 152 219 257 265 267 288 412 436 462 482 576 630 638 763 789 808 825 870 882 896 925 943 951 993
20
93 100 111 160 185 198 207 254 272 291 313 379 384 403 445 484 570 573 590 617 666 673 685 708 719 741 780 816 907 938 967 986
479
18 36 54 74 98 102 153 235 247 310 366 392 423 437 478 535 661 684 703 706 749 762 798 819 878 927
503
68 110 194 209 233 330 334 342 358 366 367 458 477 480 502 619 674 758 771 790 893 900 915 929 933
745
19 32 80 100 106 225 281 306 314 358 449 469 482 484 498 511 515 524 552 580 611 692 700 747 769 822 849 933 949
903
26 30 219 228 239 262 278 327 425 485 501 641 644 659 676 699 717 748 784 807 849 928 991
591
116 126 140 143 178 212 228 230 308 409 412 454 490 514 529 545 548 558 590 616 628 641 717 747 828 854 939 983 986 993
746
24 50 72 162 192 306 322 351 394 429 437 465 572 608 636 675 772 842 853 867 933 947 975 981
428
44 107 118 122 177 202 210 212 272 284 297 309 395 413 414 487 525 526 547 551 554 587 633 643 657 666 685 716 723 737 824 829 845 859 899 936 946 985
706
39 66 80 101 135 166 282 348 423 462 476 519 536 574 575 617 738 740 746 791 792 819 820 824 828 846 851 875 933
524
8 81 134 169 202 284 310 344 366 405 420 458 466 469 484 495 517 552 606 659 688 691 726 763 765 793 834 862 868 930 995
66
85 94 124 147 231 234 242 287 345 376 401 415 540 553 642 646 691 692 709 728 766 772 812 838 858 901 907 923 970 971 978
800
10 31 56 101 141 152 196 214 348 365 397 402 432 466 467 495 549 552 556 560 595 599 789 826 830 959
908
2 18 62 123 124 136 145 190 199 226 233 244 254 293 296 328 354 355 412 424 426 432 490 494 495 563 617 638 640 665 680 735 865 927
936
