1000
321
1 2
20
3 5
19
2 4
10
3 4 6
32
6 80
24
65 79 101
64
77 82 901
43
11 23 90
23
24 43 64 791
56
45 52 67
78
23 45 78
42
21 32 76
27
475 762 932
32
327 458 943
82
32 721 821
73
81 261 658
39
46 282
15
72 632 633
43
52 63 75 423
54
93 261 381
27
92 361 631 732
32
12 34 63 81
21
32 54 73 921
93
21 62 382
32
82 372 621 732
102
561 621
23
42 261 821 372
210
62 127 521 532 712 821
201
14 261 521 739 823
90
21 53 271 328 621
98
32 43 54 72 90
61
8 27 182 271
120
6 71 82 93 821
93
4 61 84 372
56
6 27 32 83 267
97
5 28 72 84 298 341
72
10 27 29 62 172 972
210
17 27 172 361 432 732 920
175
6 21 35 253 421 543 873
154
76 251 271 289 436
132
29 76 541 753 765 879 980
103
78 543 673
26
3 45 52 53 86 102 263
87
1 32 83 94 103 341 632 742
154
32 48 64 83 98 105 375 832
167
6 54 63 75 83 283 376 412
96
43 52 78 165 252 298 367 381 490 643 670
153
16 28 217 319 357 482 489 574 748
176
25 42 91 136 150 193 296 364 372
253
101 151 159 285 294 393 401 435 710
94
96 252 282 326 468 491 659 799 877 935
204
282 349 378 413 592 617 666 698 752 860
176
134 142 207 223 252 253 382 564 632 705
254
10 34 455 661 684 700 761 783 881 892
165
70 152 161 201 241 249 310 707 865 981
96
97 143 197 270 308 582 596 779 987
170
67 132 346 481 541 618 795 888 899
85
113 118 221 546 549 579 644 685 775 944
243
70 173 247 416 525 574 626 718 818 896
127
201 233 293 314 343 455 481 717 850 917 928
154
151 155 213 241 368 371 408 438 904 930 973
184
31 191 193 311 353 407 590 667 870 905 970
264
24 78 98 198 229 333 439 738 743 915 939
172
76 129 297 306 490 653 792 812 943 958 994
371
48 118 200 228 357 487 606 651 788 822 929
205
104 170 232 243 316 379 679 731 842 855 870
175
60 137 146 380 425 498 763 836 846 892
163
89 112 162 528 563 639 679 682 795 875
201
155 161 295 322 362 389 571 628 915 959
295
136 294 608 710 711 841 858 882 918 939 980
265
218 326 341 453 534 655 662 731 733 832 965
79
14 240 386 405 437 466 504 594 726 850 888 924
253
3 172 260 350 436 713 723 862 874 882 883 985
324
180 372 415 423 442 624 677 817 824 905 927 979
176
40 172 186 225 231 272 386 410 515 638 693 921
283
1 41 48 49 109 394 440 454 649 690 860 922
187
25 78 192 225 236 302 348 363 649 787 884 931
75
40 51 77 163 366 377 423 700 783 818 896 936
386
138 383 420 437 463 574 707 716 831 844 872 960
271
151 248 340 403 420 524 552 640 713 791 855 890
296
258 301 334 816 822 840 850
83
3 11 171 184 202 239 384 408 533 548 594 772
231
86 126 193 273 292 509 670 682 684 748 944 989
197
86 172 415 474 556 590 621 720 742 774 826 838 885
320
46 216 225 271 435 457 548 552 655 760 764 793 989
261
23 200 294 320 394 620 637 650 731 817 845 850 904
154
207 218 267 304 424 512 516 528 583 857 897 901 964
186
110 138 260 496 499 545 578 796 818 827 943 963 971
302
177 238 355 357 371 440 497 633 641 724 783 791 846 995
132
89 172 231 237 303 530 632 645 663 711 763 768 859 896
210
66 166 368 438 451 517 533 549 565 609 743 747 949
325
138 319 337 397 450 495 518 525 579 582 819 862 969
210
90 141 151 165 258 589 614 747 792 808 910 966 1000
265
82 108 289 337 353 464 482 519 685 740 747 931 965
342
101 106 137 172 197 216 305 380 400 425 441 696 754 999
102
33 84 328 350 419 440 519 575 595 619 671 699 774 891
203
105 191 358 423 498 532 558 614 631 646 761 787 822 864
432
89 124 200 309 503 568 584 742 746 768 825 835 883 899 942
237
54 160 230 240 326 414 423 448 523 535 570 649 673 931 986
254
98 138 401 433 455 575 615 626 637 647 666 694 782 874 945
437
282 305 434 454 521 554 587 633 822 840 845 865 891 897 927
375
73 127 134 141 219 347 444 605 631 730 750 762 925 943 975
187
14 31 144 183 259 366 373 386 667 678 694 800 927 961 975
264
88 147 163 210 334 434 438 513 537 575 638 705 779 872 967
326
20 30 171 188 213 344 440 546 697 710 755 883 900 919 970 995
276
87 224 390 412 465 469 714 733 783 807 810 857 920 940 967 992
364
12 68 231 275 323 551 566 633 644 714 739 770 864 902 911 948
483
46 104 231 252 345 346 435 464 591 702 711 738 760 765 795 833 938
103
55 86 157 208 228 231 286 366 507 547 774 832 871 881 922 937
296
8 86 197 275 500 518 520 599 645 779 791 803 849 920 981 996
199
104 113 152 155 224 257 279 358 389 635 640 646 649 737 740 967
204
99 186 196 469 495 547 612 625 743 787 798 800 838 858 859 934
347
34 176 200 202 206 254 261 346 664 683 734 775 786 788 880 943
420
44 126 146 177 180 236 261 281 392 459 486 548 605 674 692 860
329
19 96 102 281 300 333 499 536 539 554 556 760 765 769 773 879 997
326
6 48 94 98 114 143 212 403 497 517 571 639 684 843 845 961
437
21 120 138 166 219 297 319 358 394 444 504 634 684 708 799 900 945 993
435
127 191 210 260 266 389 484 542 567 638 726 768 779 813 830 846 867 973
543
52 61 91 151 153 177 293 301 368 374 395 424 462 472 541 644 945 977
392
54 63 68 85 167 327 332 336 524 525 681 724 726 761 771 790 993 995
283
20 25 30 92 132 200 252 276 283 377 537 607 741 843 845 860 921
246
118 194 217 276 282 284 389 423 431 506 570 572 669 823 898 943 981 996
327
80 112 187 196 231 313 444 445 494 512 535 585 675 789 807 822 936 950
204
9 10 43 47 75 76 91 179 260 305 336 437 572 599 758 792 863 923
364
26 50 59 64 130 142 217 289 335 380 532 534 575 589 666 816 874 984
218
22 131 159 230 329 361 462 466 473 484 496 778 783 806 810 889 895 930
163
92 95 168 235 277 376 407 443 498 507 711 743 767 789 815 825 847 908 922 932 971 990 996
213
28 112 134 184 210 219 220 226 245 287 342 409 457 600 633 742 749 793 829 889 893 941 991
821
26 27 42 45 58 373 377 424 499 552 582 608 695 741 824 832 884 889 934
213
93 288 301 384 395 411 454 582 622 695 728 742 779 787 788 800 826 972 984
438
135 144 160 178 219 221 278 349 455 503 546 616 694 802 839 922 934 945 953
691
115 210 253 266 321 352 378 414 437 461 499 576 681 762 763 775 835 840 843 891 906 915 965
623
110 115 128 177 215 217 228 259 487 503 585 591 633 652 692 846 943 993
437
14 27 149 151 174 200 246 492 533 555 601 691 733 760 816 862 871 873
302
58 72 145 275 292 311 385 413 597 632 653 682 758 815 882 898 936 979
453
49 82 83 85 169 176 295 300 414 496 536 547 550 599 647 651 788 846 863 887
326
56 134 200 226 254 367 400 404 429 483 493 548 649 666 677 682 840 843 915 997
276
17 44 81 99 112 180 301 305 311 409 520 595 629 662 664 676 730 735 819 907
364
41 78 85 101 173 184 218 258 507 576 670 734 750 759 800 887 918
273
88 103 196 206 245 291 306 308 376 461 586 622 638 729 773 841 865 892 913 931
409
26 34 35 177 212 216 226 352 432 434 436 450 543 568 619 675 779 798 822 858
583
27 67 111 203 299 333 357 376 474 517 551 628 674 684 690 734 808 899 911 918
520
24 58 101 103 142 181 182 259 265 279 298 308 323 436 442 444 451 473 584 603 739 772 878 909 911 980 996
218
30 79 88 227 270 271 276 287 291 326 328 371 412 419 487 515 608 625 650 662 676 771 772 821 832 895 931
325
8 42 45 47 80 98 150 210 233 244 254 318 341 468 469 500 527 534 546 623 670 807 810 879 920 938 955
843
49 85 138 234 248 251 276 320 350 355 366 374 404 555 599 614 617 621 674 695
498
6 47 125 152 387 391 435 523 555 556 576 667 731 772 773 907 934 945 960 961
501
70 76 81 120 138 160 276 391 425 470 482 497 508 638 639 650 714 830 859 971
386
22 32 43 80 171 183 210 288 292 365 565 625 644 690 718 823 886 901 910 912
471
11 33 50 69 75 91 117 150 151 229 275 510 561 652 696 799 813 874 916 974
284
146 152 157 173 223 233 257 334 358 375 376 501 515 547 594 649 650 694 710 720 729 734 832 848 851 877 883
823
24 48 337 370 420 425 449 541 548 565 632 665 703 705 757 765 789 804 816 862 871 877 887 897 929 966 980
943
36 40 52 85 109 113 184 211 212 284 337 378 467 477 513 569 595 655 664 682 720 807 827 852 883 938 984
431
11 24 176 357 378 405 516 519 537 575 585 633 727 729 763 823 841 848 990 996
374
1 12 45 66 142 150 171 177 215 238 353 419 545 601 711 800 896 909 940 947
475
101 123 256 331 397 419 442 516 583 584 585 615 636 689 728 777 839 846 860 887
598
57 65 68 84 97 254 362 397 399 438 472 597 605 610 630 642 653 696 821 928
462
57 149 154 163 174 263 265 276 361 434 493 569 608 737 738 760 765 782 830 878 882 889 890 897 922
452
139 196 208 278 290 295 321 384 429 451 456 497 535 541 563 609 626 652 755 756 761 791 804 820 973
307
39 95 204 208 259 282 344 356 365 399 416 466 528 543 631 725 782 789 844 859 863 883 910 915 931
543
19 20 113 181 299 384 439 462 474 475 533 563 565 588 608 646 675 838 841 846 911 926 930 960 985
430
58 78 187 191 202 217 224 241 350 379 449 631 644 652 677 718 745 749 751 797 841 866 924 957 963
465
21 136 141 151 183 259 273 487 488 502 521 583 627 636 753 924 991
286
19 54 74 77 87 121 147 166 168 183 214 225 237 293 330 342 627 634 652 732 741 783 828 902 985
673
5 88 147 181 191 197 200 300 358 383 406 425 488 547 557 561 600 642 644 661 668 748 939 956 985
591
6 11 57 127 137 200 284 293 297 382 398 443 537 592 608 645 700 728 780 794 827 850 883 884 955
273
3 5 38 128 293 326 328 330 371 467 470 479 493 534 535 566 630 716 727 771 819 829 841 897 940
386
3 102 225 242 286 298 310 359 381 407 410 537 571 622 650 688 698 754 773 849 896 901 939 989 995
429
116 184 186 195 277 357 379 383 429 486 547 575 590 604 626 682 709 728 746 747 791 857 860 934 977
528
28 71 203 210 235 320 321 331 342 394 418 430 463 506 581 585 632 679 680 769 775 792 896 950 955
572
37 91 101 132 138 145 359 447 472 505 608 660 729 737 795 896 921 945 998
369
39 52 59 252 255 261 265 273 318 322 364 463 637 669 684 709 781 804 810 818 852 885 886 955 978
472
25 84 127 159 170 304 319 355 357 399 419 445 579 588 628 700 719 723 747 765 784 812 892 941 995
462
37 112 140 287 342 365 384 420 425 471 494 509 538 541 590 613 640 754 786 814 821 893 931 964 988
682
12 27 95 130 148 190 193 260 279 281 296 433 462 464 465 466 493 500 675 757 868 906 962 963 969
574
7 65 92 110 116 222 381 383 401 445 550 573 574 605 639 682 704 710 832 905 958 960 970 985 990
629
31 53 86 92 103 220 228 268 330 333 365 369 393 442 484 560 604 664 697 726 802 874 894 898 987
723
46 168 224 294 363 368 374 491 540 588 602 627 630 738 745 770 830 831 845 894 917 933 951 986 997
502
4 27 37 107 148 165 178 184 270 398 433 448 469 487 497 515 527 538 565 599 716 792 812 826 933
438
8 13 57 59 69 104 106 176 307 356 416 463 514 525 559 913 955 971 975
297
15 32 33 52 85 192 240 254 285 314 356 383 395 415 416 498 502 534 636 657 703 725 751 836 957
492
23 46 54 165 179 223 279 294 329 416 431 495 572 591 610 635 716 785 799 818 831 847 889 917 982
358
9 15 34 40 119 283 301 384 482 487 560 567 584 591 645 699 735 745 828 839 840 859 891 986 994
539
64 155 171 213 239 245 328 332 383 439 452 501 592 601 602 660 671 681 768 821 823 911 959 986 993
285
9 30 49 76 127 159 177 215 226 234 300 302 378 465 504 543 609 702 725 760 782 817 820 918 993
593
64 245 267 312 323 367 368 450 477 505 528 565 662 702 790 855 874 886 917
320
4 122 124 199 206 222 246 267 338 362 389 568 588 642 667 702 706 761 786 812 824 898 919 930 957 961 965
364
37 167 235 267 310 312 317 398 412 427 501 515 536 569 587 641 647 732 745 842 879 892 910 918 924 934 949
206
10 23 26 31 65 114 158 184 213 237 333 428 480 541 561 585 611 620 629 661 719 759 794 849 920 977 983
429
59 61 138 177 184 226 283 304 345 359 379 427 429 482 499 514 518 567 578 656 667 708 782 884 919 931 972
327
57 143 148 262 345 407 411 422 426 451 457 466 478 535 603 677 716 724 736 758 780 782 821 865 892 911 933
473
35 56 57 82 93 159 177 189 221 253 285 365 452 578 688 738 765 809 840
294
9 15 38 55 59 71 142 207 211 218 231 254 261 341 383 467 482 586 611 616 634 642 664 689 763 933
462
74 83 98 214 217 316 357 367 446 480 598 599 633 645 660 672 679 714 762 777 798 846 853 918 944 972
526
89 94 109 127 149 191 206 220 268 272 273 292 411 493 636 664 720 733 743 781 820 830 866 911 940 955
398
36 64 155 169 198 231 315 383 396 428 442 465 477 481 501 556 626 701 721 836 901 913 919 935 943 999
472
3 24 54 65 178 211 316 325 363 371 380 464 551 580 634 647 726 858 870
154
18 45 51 59 91 295 320 349 428 491 521 523 547 570 613 630 633 642 643 728 738 783 817 918 944 948 964
436
64 65 96 162 186 336 365 405 530 579 592 612 636 644 653 655 701 703 744 839 844 879 964 967 987 989 990
507
5 73 95 96 112 156 181 215 309 338 408 459 488 529 592 594 633 657 693 707 715 731 742 745 782 858 873
468
55 69 104 156 210 235 244 342 373 446 447 454 459 494 568 607 645 679 727 776 780 790 841 928 929 965 994
369
3 19 69 72 209 212 223 240 250 266 325 364 378 488 491 506 537 596 629 663 693 717 722 753 811 826 890
753
17 135 171 175 181 236 326 340 419 438 512 526 548 562 647 648 730 737 873 939 996
530
14 78 115 240 264 413 517 527 529 572 580 612 682 697 721 786 788 802 856 861 900
453
64 94 140 197 214 250 276 324 344 363 375 379 423 462 483 615 630 644 731 754 780 784 788 820 856 896 943 956 986
402
22 60 88 158 182 190 213 236 237 289 301 333 396 488 503 505 549 571 684 741 770 809 844 861 897 921 943 979 989
592
45 53 77 97 110 188 250 314 321 330 342 344 357 430 439 472 482 486 530 533 576 634 677 757 773 776 849 948 972
386
94 99 108 111 116 178 216 233 247 405 421 442 492 532 629 633 664 685 742 761 762 773 778 799 821 871 876 949 954
582
1 16 40 79 90 95 104 170 212 244 257 317 364 368 406 429 628 633 662 665 712 715 725 753 757 764 864 930 945
491
4 180 199 226 234 244 316 353 461 484 555 575 654 657 660 715 828 829 913 922 966
493
11 27 134 143 158 226 246 324 335 360 367 369 425 431 440 486 490 505 538 545 628 685 729 792 800 812 824 886 898 953
372
7 15 51 68 155 192 207 230 231 286 296 309 315 334 368 372 410 515 525 531 642 703 715 741 762 774 787 873 996 998
492
4 60 98 102 120 182 235 251 305 357 395 404 438 448 458 462 485 495 559 607 697 700 761 894 945 955 958 965 973 989
620
35 39 51 53 57 89 107 119 161 164 210 220 230 234 272 280 414 450 452 500 543 583 629 648 676 728 755 839 877 905
539
21 98 117 142 157 160 226 258 264 286 313 358 451 460 496 497 530 535 537 585 604 635 686 731 742 774 855 865 923 977
649
33 36 59 69 80 108 141 158 185 217 337 351 365 423 444 490 509 548 610 802 814 853 893 895 920 925 955 968 990
612
6 10 28 56 120 149 205 252 272 352 354 375 392 404 416 455 468 474 550 567 589 666 695 753 797 805 892 899 936
832
24 60 65 92 134 193 218 297 324 336 344 365 472 515 647 649 676 687 694 701 725 779 795 850 851 861 965 966 988
712
68 70 88 106 172 180 196 263 284 312 369 408 421 456 627 630 657 666 681 705 745 784 786 800 831 833 869 876 891 954 967 984 997
952
30 76 102 107 108 118 131 139 168 179 340 347 353 374 383 400 404 424 446 470 488 532 544 624 663 678 811 848 897 911 940 946 976
785
23 54 198 233 265 331 431 447 465 475 494 508 511 555 571 573 581 585 586 596 601 602 661 683 716 801 818 839 845 854 870 939 995
876
10 64 74 95 100 200 228 276 283 295 338 340 351 429 451 474 485 492 527 532 539 577 621 649 668 702 731 776 809 821 832 860 861 872 875 885 895 911 922 936 993
1000
8 24 32 36 54 99 124 132 189 233 267 273 279 283 296 325 357 368 417 461 531 550 562 578 598 623 624 640 643 682 698 735 745 764 807 809 819 861 875 987 992
934
6 30 31 36 39 74 109 116 126 134 187 244 247 346 361 395 397 408 461 474 478 502 516 525 552 562 638 647 684 698 700 718 720 779 816 843 858 899 901 930 962
767
2 17 25 40 55 73 116 235 238 253 271 304 328 401 411 446 448 565 629 631 642 649 654 662 716 747 770 778 845 922 924 936 986
931
9 50 97 120 126 145 157 169 177 182 187 212 249 283 317 343 371 452 530 567 614 618 641 760 788 813 865 868 914 970 982 985 990
836
21 99 110 139 193 210 235 237 250 275 349 356 381 390 473 488 497 512 565 576 586 603 625 637 656 731 749 758 782 792 838 878 946
625
19 44 45 64 68 92 169 249 256 345 379 384 408 436 464 471 491 505 507 515 542 601 607 611 745 791 866 880 937 986
582
10 60 103 159 233 352 368 384 432 451 512 532 556 613 623 723 728 752 776 792 794 829 852 859 871 893 907 960 973 999
672
28 92 207 209 287 300 367 376 425 441 477 483 560 597 600 630 730 738 805 816 821 826 854 908 917 919 925 934 935 1000
743
10 50 63 102 130 184 190 213 226 280 285 290 348 378 391 437 453 494 522 525 527 544 615 750 770 780 782 909 978 991
862
45 79 101 104 109 110 130 151 163 185 202 246 363 370 394 424 435 454 496 504 541 668 692 698 713 726 807 838 883 953
836
51 61 68 79 116 186 192 254 267 306 347 368 561 642 713 735 758 776 826 889 960
571
2 21 29 43 108 140 211 290 313 329 477 492 493 501 537 591 615 641 660 688 693 697 704 709 738 783 796 843 845 894 928 962
372
47 57 58 61 107 158 169 179 252 290 309 358 401 428 433 460 508 516 526 528 629 673 749 762 823 833 878 883 918 948 954 978
523
58 96 161 167 174 178 203 237 271 307 334 388 405 407 550 552 555 593 599 604 616 621 686 700 754 762 780 783 795 899 934 995
682
104 141 163 164 239 260 339 351 355 372 379 404 454 484 552 585 628 646 657 687 737 741 835 882 890 902 905 946 965 966 978 1000
891
19 59 61 89 97 107 138 219 226 236 267 271 272 273 284 295 309 413 424 548 552 592 602 642 681 697 758 810 829 858 938 997
620
16 20 126 140 148 152 239 257 313 319 396 457 571 608 727 772 778 793 824 904 952
625
60 146 148 178 200 215 226 247 280 284 291 328 345 364 369 373 427 474 507 530 560 586 624 642 654 689 715 723 758 770 825 869 917 985
537
55 93 137 162 198 273 316 330 354 381 412 503 527 532 540 555 577 589 595 606 638 644 739 741 793 801 804 840 842 883 903 946 960 984
391
28 41 66 81 84 87 116 130 154 156 160 259 275 321 322 349 382 426 468 470 475 496 552 570 598 629 655 683 686 704 779 860 934 976
471
12 36 48 72 97 117 154 197 302 330 368 387 456 460 556 557 558 562 582 599 607 623 662 724 733 763 768 772 779 849 857 898 932 969
627
67 90 129 131 134 135 136 143 187 203 278 305 311 328 337 341 357 362 385 428 466 468 497 517 526 560 562 576 584 652 700 706 722 724 731 785 832 849 927 941 983
819
25 51 93 126 134 144 227 250 361 384 391 394 408 413 417 424 425 467 489 516 560 669 680 694 700 721 728 807 822 834 839 840 845 856 857 891 942 946 967 978 985
902
5 17 23 45 109 144 150 156 176 204 206 223 241 248 252 262 312 329 346 348 403 440 485 517 542 604 628 671 717 723 772 796 803 812 813 834 837 846 951 975 988
829
10 16 45 61 69 88 123 173 217 231 238 305 344 366 396 412 444 478 506 560 561 610 670 684 704 720 762 779 794 807 811 815 945 972
538
7 23 63 125 173 199 242 262 280 296 317 426 503 513 533 548 560 570 616 624 678 688 702 778 795 810 872 914 942 966 969 978 979 1000
852
6 25 43 49 59 69 70 76 127 183 196 216 227 272 282 458 481 482 497 519 538 643 646 670 697 715 736 749 771 780 871 916 936 966
732
33 53 83 96 210 222 233 242 305 339 348 374 383 390 467 474 483 485 493 589 720 755 781 791 817 839 843 845 869 887 902 910 929 940
692
69 99 153 168 187 196 217 222 288 321 350 386 388 411 414 448 451 502 545 546 579 586 587 614 661 727 735 791 872 878 895 904 928 962
547
28 29 101 145 155 162 191 260 270 280 326 334 373 380 390 391 421 452 466 475 534 542 553 665 666 698 773 780 789 807 890 940 991 992
681
59 78 90 127 152 183 195 207 210 252 261 269 280 288 336 360 448 505 531 552 562 563 607 613 656 681 684 706 725 754 769 795 864 924 938 946 991
575
2 24 44 108 113 141 156 181 197 228 272 273 287 341 354 365 384 392 436 439 466 494 556 583 616 620 670 683 702 716 718 720 815 871 891 915 935
872
75 93 110 146 208 215 223 226 233 248 289 339 341 393 404 431 441 462 480 517 524 567 577 609 704 735 742 747 769 783 804 833 835 883 925 938 940
650
8 19 91 120 142 165 202 229 278 284 287 291 353 381 386 396 399 401 418 498 551 563 571 646 704 726 727 827 845 863 899 908 933 962 989 996 1000
723
9 21 78 86 94 110 112 115 143 164 213 256 298 312 321 334 353 376 406 419 425 508 517 555 576 626 639 650 659 671 692 699 702 722 723 746 772 819 859 867 893 913 918
832
6 77 105 126 152 210 225 293 303 305 315 334 352 443 478 486 497 510 519 544 565 571 587 593 614 626 666 743 746 747 753 756 762 770 818 829 831 901 916 922 933 957 989
837
36 62 66 77 96 116 145 166 167 176 185 196 232 247 313 336 367 382 393 438 441 559 574 575 594 623 626 629 647 676 688 713 732 805 806 819 851 862 883 919 962 976 981
621
5 24 100 134 137 160 182 196 232 236 239 307 323 360 396 435 442 454 466 484 516 591 612 660 685 702 734 771 778 845 859 874 910 915 936 942 981
634
29 30 71 141 163 169 177 197 222 237 248 321 373 380 412 440 470 530 550 558 597 644 650 687 690 693 705 769 780 796 895 925 933 942 944 962 997
784
17 136 158 160 162 216 227 298 308 327 334 348 411 475 502 515 533 565 572 589 607 631 711 732 734 741 767 776 795 826 870 876 878 881 944 958 977
802
14 16 25 156 163 166 167 199 205 208 272 297 353 364 384 392 400 432 466 483 559 560 591 602 641 651 670 723 740 773 784 808 809 881 947 965 967
910
43 75 96 135 151 177 182 194 241 246 271 272 302 328 410 411 488 489 520 543 557 563 573 608 660 683 764 810 834 888 891 892 909 937 966 975 981
1000
19 55 87 182 188 195 205 223 284 307 315 360 363 379 403 447 469 498 534 596 609 611 627 639 665 685 688 698 719 728 736 768 830 874 889 978 991
793
19 20 51 54 79 107 137 146 156 184 198 260 270 275 284 292 293 333 336 339 380 454 483 503 520 569 581 602 663 671 702 747 760 792 802 803 865 885 966 974
922
6 12 24 27 63 82 120 124 210 252 261 263 283 307 343 395 406 421 431 448 482 504 522 545 580 653 665 690 722 735 799 850 855 857 858 873 920 926 980 993
532
16 21 27 31 53 89 98 120 176 179 230 251 255 256 296 346 369 391 403 468 499 550 613 615 621 659 682 702 717 737 741 824 854 868 914 916 919 928 929 940
772
23 26 55 58 85 127 161 162 181 238 292 374 470 498 504 510 525 546 558 569 577 589 593 607 659 669 680 703 713 720 726 755 829 832 907 931 949 969 995 1000
920
19 70 72 73 74 135 164 165 219 224 269 276 304 311 361 426 474 505 507 517 541 548 619 620 625 629 635 655 673 767 770 783 808 811 828 837 892 902 942 994
854
38 55 66 86 102 197 205 210 225 240 251 254 298 397 425 434 451 455 460 466 502 526 546 579 587 596 611 614 616 691 727 730 756 758 768 809 831 863 877 991
843
1 8 84 112 178 277 283 285 313 344 364 393 419 431 463 507 514 518 524 531 575 579 590 599 621 668 673 687 738 803 805 810 843 905 922 929 968 975 988
723
11 26 50 67 75 80 83 117 152 198 255 260 266 275 297 371 465 467 475 482 533 537 555 572 687 694 703 739 791 793 828 851 859 865 871 921 926 956 990
721
6 32 37 63 137 155 168 194 214 239 256 333 378 385 404 423 447 518 574 581 589 595 608 614 663 675 682 717 742 807 809 834 915 931 938 954 961 963 995
832
42 48 62 68 86 144 158 196 200 233 315 332 347 392 398 427 453 458 471 517 523 537 580 601 610 632 674 688 693 777 780 788 816 829 834 872 906 934 965 990
923
8 12 54 102 126 138 146 164 211 244 252 256 292 297 365 407 409 447 483 528 531 572 586 596 617 628 659 680 742 761 775 811 831 846 848 849 870 892 894 979
870
31 55 68 78 100 107 111 159 205 228 239 282 336 337 354 392 397 407 416 473 482 533 539 614 654 662 700 733 745 746 799 806 815 895 896 916 923 934 935 946
927
30 31 57 67 76 82 95 113 165 198 253 260 331 359 362 401 428 430 432 459 482 547 592 598 607 642 643 669 752 779 840 849 871 890 911 952 981 986 989 1000
852
17 18 21 39 78 132 137 139 154 177 183 190 203 215 219 234 274 294 305 336 348 414 427 463 472 488 492 574 575 607 608 613 639 640 708 790 794 813 826 939 948 999
882
7 9 12 15 22 33 36 59 75 104 105 138 246 361 385 405 409 453 463 512 533 544 569 571 589 627 629 660 666 686 720 782 794 803 804 836 849 874 905 923 931 955
627
13 47 82 119 130 194 205 270 286 319 406 417 428 433 447 455 466 471 483 491 602 633 634 636 645 684 706 764 775 790 793 837 843 850 936 948 975 977 982 992 994 995
972
27 35 36 44 70 149 151 155 156 171 185 200 201 222 279 292 319 364 508 511 521 532 550 565 575 577 581 594 647 670 702 722 733 780 794 822 832 914 915
829
28 53 72 76 78 125 159 173 232 236 251 274 286 288 339 442 444 456 507 530 572 617 627 646 654 660 680 697 718 723 765 771 833 858 877 953 972 981 983
910
38 57 68 70 87 92 161 181 203 259 289 307 308 316 319 356 380 410 411 439 462 582 586 591 647 705 718 761 767 772 778 806 820 834 842 845 851 888 903 952 959 980
958
14 31 46 93 103 110 116 169 182 218 224 225 263 281 305 311 317 371 433 435 442 485 607 628 644 681 694 761 774 775 797 804 812 881 885 890 899 945 950 960 971 994
729
11 63 64 69 75 140 141 145 147 172 197 214 252 270 282 320 344 349 368 435 451 473 475 485 487 501 521 532 573 614 637 680 697 723 724 770 774 788 822 871 893 907
820
3 9 56 92 133 182 238 248 270 275 315 327 337 345 362 391 436 452 481 494 515 574 581 592 601 763 878 901 930 951 953 961 999
216
41 66 94 111 112 188 234 237 310 320 330 344 353 364 382 412 433 447 495 508 566 620 661 664 668 768 779 871 877 919 954 959 977
732
50 119 136 140 154 168 175 214 240 256 276 281 309 333 348 352 354 366 420 426 466 473 486 521 621 663 670 679 681 708 744 931 981
934
48 52 54 64 102 104 115 151 167 176 180 202 207 208 238 253 299 319 339 359 393 411 456 460 607 635 640 666 694 723 753 763 764 773 789 791 805 851 885 900 976 980
623
30 105 112 120 145 174 185 188 194 195 295 311 326 336 389 420 471 474 478 482 522 557 593 630 633 683 686 687 758 766 775 795 811 822 825 831 870 928 929 970 988 995
727
7 12 59 88 161 203 210 254 257 276 283 330 335 340 370 380 389 479 496 520 532 535 557 581 597 629 638 647 686 701 737 744 749 752 765 777 810 815 842 915 947 985
943
1 18 31 45 150 162 163 164 188 205 244 286 323 338 362 373 391 398 402 479 506 522 527 537 571 588 639 642 654 663 666 679 699 737 740 772 806 924 925 936 944 947
973
10 12 27 28 63 92 109 184 188 208 220 229 249 253 276 305 327 338 362 390 402 439 464 481 487 488 497 548 553 568 589 592 601 627 654 770 792 807 836 887 913 928 944 967 994
832
13 38 39 77 85 95 146 187 195 203 256 260 261 265 275 303 305 337 356 364 415 433 463 481 498 564 585 649 674 687 688 698 699 710 751 757 816 842 892 894 928 932 966 967 997
832
6 12 18 24 74 80 82 86 118 134 178 227 268 286 328 340 343 345 363 386 387 396 408 411 418 446 457 529 644 658 690 724 734 746 796 815 825 834 865 873 897 908 924 965 973
931
7 58 71 121 126 131 158 228 278 301 305 308 377 383 385 391 417 422 454 467 487 516 528 532 539 568 646 648 651 723 733 744 775 809 833 868 912 954 997
832
37 38 67 73 83 117 126 148 185 187 226 227 249 298 308 315 378 461 465 501 589 609 617 634 657 681 704 721 735 775 777 858 899 935 951 955 958 966 990
920
28 68 243 265 285 286 294 298 318 335 347 356 382 437 439 527 558 573 616 632 641 655 728 735 755 773 774 848 864 865 877 900 901 943 952 954 970 974 1000
932
1 4 9 11 25 39 47 49 59 99 104 143 199 229 265 310 334 372 396 400 425 437 443 461 462 567 586 660 664 732 749 760 766 772 788 792 800 804 818 837 845 886 908 944 948 952 978
832
44 95 99 106 141 153 154 163 183 184 200 220 236 243 316 329 335 339 381 405 436 465 466 470 497 542 545 550 554 570 596 597 652 664 696 700 741 744 836 868 880 900 925 937 951 967 976
738
11 22 41 43 61 67 85 87 122 143 157 159 164 247 252 364 370 395 423 440 445 501 519 566 583 591 593 596 612 617 667 684 699 788 797 805 806 830 836 840 844 850 856 877 968 981 991
923
25 94 136 149 153 189 240 253 262 279 311 354 358 360 414 418 436 496 501 536 551 561 564 579 583 605 611 619 630 639 645 673 721 727 734 735 774 836 841 868 880 946 949 992 1000
932
15 27 42 51 167 237 252 257 267 295 310 353 366 371 377 382 395 424 432 441 444 449 538 543 557 650 693 719 739 743 757 774 784 793 808 824 831 851 855 856 860 882 895 901 903
631
35 37 57 81 102 119 149 169 183 191 221 228 232 317 367 381 399 430 447 490 518 547 550 569 589 597 605 612 622 626 628 633 647 660 709 719 721 722 805 857 871 882 901 919 934 942 952 961
928
25 46 153 175 177 179 191 208 214 268 286 301 326 335 340 362 365 384 419 467 473 498 513 532 541 544 546 570 631 652 682 705 721 758 770 775 789 791 795 797 831 837 840 872 892 921 937 958
623
8 14 26 27 84 152 166 192 224 233 244 245 296 303 306 312 345 352 371 373 397 398 440 443 473 509 515 531 540 596 602 618 651 663 676 681 689 713 736 739 752 774 778 780 814 826 939 965
836
11 15 65 67 70 89 93 150 158 172 179 200 234 258 260 261 286 294 374 425 466 475 521 538 545 550 559 564 567 595 616 633 667 675 682 740 748 760 821 835 841 852 863 866 873 945 956 967
918
78 79 85 102 109 112 163 189 207 232 259 274 345 371 375 392 393 419 427 440 463 468 471 496 506 509 530 562 581 635 666 669 682 683 692 699 707 711 720 852 883 914 924 944 952 967 968 982
617
24 36 85 113 130 143 144 158 194 203 207 211 257 263 267 329 358 371 377 378 389 425 429 440 503 575 583 596 656 670 694 711 713 739 797 801 824 835 852 856 867 871 878 881 893 911 923 933
977
18 45 59 135 156 159 167 172 196 198 230 244 257 328 377 386 393 428 439 457 474 482 523 579 580 582 590 609 623 624 649 665 685 689 721 735 756 757 785 808 817 827 852 887 917 935 965 966
725
7 12 50 56 69 72 74 77 85 88 103 123 142 163 208 215 256 265 266 332 335 338 365 377 399 405 424 442 471 486 493 609 641 647 662 669 675 738 741 826 863 875 876 899 907 957 993 998
832
75 148 186 210 217 225 231 242 270 272 274 284 306 327 330 335 361 362 373 452 454 455 493 500 528 529 535 555 563 587 613 654 660 666 672 674 681 690 714 811 814 818 838 845 880 902 939 970
937
9 14 32 63 131 143 157 197 221 225 228 246 276 295 340 345 358 382 412 417 430 443 445 476 505 527 573 585 599 600 685 690 694 747 756 778 794 800 817 831 837 895 906 942 946 962 964 990
638
48 89 91 130 133 136 155 163 189 214 223 225 230 236 246 248 271 309 321 328 355 366 394 453 458 468 476 491 514 544 551 557 565 581 586 609 632 634 647 650 660 668 674 684 686 692 704 705 750 758 759 761 769 802 805 809 843 878 926 939 953 954 971 972 997
763
3 8 18 22 25 47 61 78 79 142 174 186 208 212 223 238 254 273 285 290 293 300 301 312 348 374 382 399 401 444 463 492 493 500 501 508 515 516 523 528 530 533 592 606 607 649 651 659 671 672 703 796 805 816 819 820 823 827 854 894 927 983 992 997 1000
871
16 21 36 37 60 75 114 162 182 188 200 216 269 270 289 327 335 410 423 451 452 472 474 481 491 499 512 513 522 568 581 631 643 645 716 736 741 772 779 784 794 807 823 871 907 923 929 935 939 941
930
36 48 78 94 99 120 129 139 200 229 287 299 341 354 378 421 437 438 477 486 506 517 528 532 552 576 602 620 668 676 691 710 775 780 784 792 801 820 836 843 866 876 881 889 897 946 953 972 976 991
716
36 47 51 54 83 102 108 119 136 182 193 209 213 220 225 271 281 296 308 332 341 354 358 366 383 390 409 410 431 487 494 628 667 720 729 737 741 743 746 768 782 809 857 918 921 952 957 990 991 998
931
46 66 78 90 105 115 135 142 145 154 158 214 221 267 273 281 283 289 314 334 366 402 430 438 446 455 458 460 463 480 491 529 533 587 606 638 646 668 716 721 747 757 772 842 898 939 952 955 970 985
842
35 61 88 90 135 150 174 175 179 193 197 203 227 243 280 338 365 382 386 390 407 414 427 443 454 456 490 492 511 534 572 625 653 702 739 745 754 779 780 810 823 832 833 849 887 911 947 952 966 995
920
