700
400
645 145 147 663 421 165 37 685 306 573 582 334 596 344 91 355 101 104 491 235 114
741
418 3 107 658 274 660 83 411 156 285 382
716
610 67 101 454 679 218 589 78 207 241 626 664 25 282 414 671
725
227 644 319 235 268 307 279 349 125 190 63
787
161
781
549 359 72 43 337 665 185
732
194 132 453 676 391 359 394 586 556 687 16 209 111 634 662 121 698 92
752
545 137 330 441 438 409 94
690
354 611 167 647 458 331 525 77 116 438 151 314 603 63 343 319
759
544 640 194 202 107 396 269 366 143 538 570 118 567 122 92 413 350
760
512 643 4 403 182
777
450 147 62 415
748
664 290 36 293 551 172 176 569 571 64 325 589 464 336 83 87 217 223 483 355 103 234 633
746
640 455 399 86 534 248 92
751
674 4 519 556 471 408 411 63 351
727
394 284 157 30 414 32 545 678 40 427 300 430 687 50 206 100 489 365 498 114
754
517 143 557 175 309 187 60 571 193 337 221 95 608 481 613 488 619 237 495 627 633 124 382
720
482 514 204 77 634 183 506 414
752
103 140 142 271 433 498 17 694 574
775
425 642 515 429
758
640 416 259 5 326 615 360 74 240 659 341 631 346 414 543
709
136 138 395 396 268 155 30 693 694 695 184 573 323 197 328 584 203 96 612 104 498 373 502 255
747
225 629 23
707
640 193 392
695
515 423 73 425 426 335 272 403 119 157
792
647 266 149 153 544 163 553 43 558 178 307 309 63 195 580 200 459 463 599 222 630 633 378
742
261 423 519 649 623 402 658 662 124 541
759
199 330 590 404 148 634 413 222
742
224 449 35 421 678 487 332 685 556 53 405 342 312 89 533 156 311 350
714
265 19 276 662 151 677 689 565 445 208 602 477 485 490 619 365 111 113 502 250 382
804
198 679 393 265 44 398 19 310 183 378 476 94
779
303 455
730
2 135 402 404 21 290 39 427 435 693 68 329 585 345 360 361 495 113 119 125
770
34 526 177 148 121 254 415
772
289 194 4 41 74 651 462 655 400 343 380
735
224 389 358 588 396 592 338 691 598 278 285 446
793
640 234 655 79 597 344
790
658 479
784
2 4 615 296 457 490 655 176 114 147 691 116 20 148 284 447
778
531 280 155 672 35 548 43 172 686 307 53 697 57 189 459 79 356 234 246 631
755
1 264 652 527 272 271 403 28 416 548 172 436 308 191 320 199 585 80 606 610 482 379 508
742
642 514 390 135 533 674 38 692 311 576 200 206 88 96 100 614 487 231 107 367 117 250
743
130 2 268 653 147 668 540 288 673 674 295 306 578 70 329 586 589 591 82 213 599 354 611 102 230
747
576 260
768
578 357 262 426 174 657 435 181 630 539 123 444 510
741
288 34 103 552 554 172 493 206 688 472 575
716
259 516 522 652 140 529 530 151 413 420 292 39 428 557 690 179 180 189 67 93 96 609 501 125
739
136 202 460 333 176 274 626 563 629 54 406 568 219 637 446
750
257 673 335 368 125
726
473 426 514 239
785
148
717
501
729
256 516 518 265 523 144 145 21 537 28 675 41 217 359 487 235 111 627 502 255
753
661 175
802
193 419 195 5 136 660 26 411
727
506 628
774
129 289 67 420 452 646 487 456 649 650 492 77 240 529 286
740
12 346 78 592 273 658 179 149 631 442 540 222
757
82 443 179 206
759
664 657 160 248
694
453 582 491 462 176 337 506 119 117 24 215 312 94 410 475 573 30
782
384 519 272 17 285 30 298 430 689 692 438 316 445 65 195 324 591 466 250 628 122 254
803
513 521 279 283 286 416 547 679 427 561 307 694 576 77 466 346 91 93 618 371 250 380
714
13 405 149 279 152 662 161 676 38 295 448 577 323 198 335 93 355 356 236 622
760
35 171 270 21 662
767
672 323 359 233 459 80 401 115 31
745
117 86
753
162 163 612 69 618 682 302 696 371 211 469 151 62 249 509 94
747
320 1 97 3 196 324 422 461 271 660 374 154
752
226 99 675 582 487 424 519 491 511 429 656 631 568 183 667 252 540 479
690
577 350 611 76 173 13 251 62 506 635 414
769
96 321 422 39 681 426 490 236 269 330 299 138 553 499 116 537 348 221
730
130 10 332 45 621 50 406 536 185 637
724
408 665 671 569
775
33 631 73 170 332 141 13 333 215 473 59 279 351
755
604 484 23
787
389 288 417 38 175 47 694 590 596 215 474 226 234 620 115 373 629 635 509
738
377 586 662 458
844
513 392 616 106 153
752
257 100 8 46 687 629 124 573 126
710
193 322 483 131 676 554 459 363 621 533 408 216 191
736
424 330
756
224 551 587 590 664 56
726
448 450 259 453 679 429 560 243 631 57 250 412 125
720
129 521 650 145 658 539 411 677 550 301 183 699 62 191 448 459 589 334 605 612 614 618 240
752
108
701
289 98 263 328 105 583 425 635 237 141 400 496 179 693 471 251 279 29
754
640 387 3 259 396 12 274 148 534 151 161 162 37 559 564 466 212 215 88 475 236 502 507 125
780
65 650 171 11 511 142 206 689 274 530 119 223
755
203 207 623 152 58
729
482 234 109 661 503
797
554 238 207 143 18 248 537 570 510
731
196 517 293 231 644 485 650 331 364 269 207 273 639
796
513 66 673 675 133 637 555 651 428 332 334 23 600 157
743
97 579 131 677 6 552 45 367 84 472 249 59 156 95
781
227 358 689 49 82 147 439 409 314 343 415
765
66 580 133 520 689 242 83 348 56 540 382
722
354 675 255 329 649 138 332 607 639 16 689 370 114 629 537 603 413 543
723
515 10 271 534 151 408 290 53 565 194 455 590 79 597 341 607 360 366 124 507 508
714
132 646 383 539 415 544 300 559 178 438 58 446 203 598 610 488 233 629 120 127
728
529 152 417 290 35 548 683 427 57 581 334 83 470 350 486 361 495 376 382
686
160 419 376 104 16 567 440
757
368 220 222
719
96 617 42 270 623 122 635 253 382
776
645 650 661 289 291 42 683 690 695 697 188 445 201 464 596 612 485 229 360 621 371
773
515 5 266 659 153 544 678 295 296 433 567 316 203 336 604 107 108 624 625 127
771
449 69 7 680 521 459 268 525 398 497 82 277 89 539 253 670 415
706
256 259 521 400 404 540 670 161 682 309 570 577 451 328 463 607 223 107 504
763
256 291 165 330 683 235 13 592 660 340 373 600 477 286 351
775
389 428 14 46 657 146 403 252 500 696 572
712
483 117 478 647
721
328 274 333 39
782
160 263 328 238 463 503 442 667
719
320 357 5 364 237 402 308 537 698 573 158
700
481 450 3 292 106 216
788
356 231 553 554 108 398 591 656 19 538 567 376 697 250 253 351
765
226 455 681 112 337 535 696 151 570 187
760
568 458 546 239
794
128 323 452 228 423 583 457 392 11 45
756
576 66 37 357 377 682 429 111 688 530 562 402 565 54 217 607
708
130 135 13 660 662 164 420 293 558 182 567 78 84 85 611 362 623 368 243 372 504 382 511
702
128 259 647 393 398 668 546 548 53 697 191 320 579 71 332 479 486 105 109 111 504 511
732
2 550 364 556 270 560 595 245 439 635 318 255
740
256 163 643 549 296 81 434
718
512 546 333 526 494 341 441 666 446
728
383 265 525 280 155 306 50 564 188 574 336 211 468 603 479 614 105 235 639
749
192 289 477 162 295 552 169 299 632 268 590 558 528 306 56 348 381 95
723
2 299 45 83 21 669
723
130 644 14 275 536 282 32 428 434 438 439 183 696 320 583 597 473 93 361 110 115 119
775
646 524 654 662 346 219
759
149 21 533 152 27 30 546 184 445 63 191 204 336 85 606 607 229 245 639
756
512 144 152 281 31 160 288 296 686 435 52 450 325 328 331 207 475 612 357 112 243 245 638
793
161 3 393 458 171 566 535 24 155 92 95 319
733
258 453 358 518 631 41 281 296 236 687 656 176 307 311 345 218 30
732
289 421 328 553 267 525 335 274 532 213 24
724
322 355 421 617 363 112 178 190
777
649 395 269 148 407 170 559 570 572 578 68 584 469 606 359 365 621 497 634 379 638
824
681 233 251 534
740
128 516 392 393 150 663 423 560 50 51 436 698 450 579 68 326 327 462 93 222 103 497 117 502
688
640 642 646 146 546 47 177 312 63 200 330 203 74 82 211 468 85 338 617 107 620 109 501 377
780
388 47 145 568 633 634 699
695
88 218 156 253
736
576 613 231 73 682 459 140 45 237 592 531 468 435 598 665
697
515 648 670 288 674 426 58 583 201 202 88 603 353 102 359 234 492 366 622 494 374 250 379
755
130 642 403 23 544 673 417 553 44 688 561 434 692 693 66 450 582 470 480 486 491 251 380
727
96 161 453 300 557
730
466 274 68
762
353 546 515 491 655 368 116 312 313 90 507
719
612 680 543 205 303 304 50 181 26 159
717
258 4 580 680 457 74 107 299 398 112 562 245 56 218 603 253
768
320 481 162 640 266 272 187 540
754
580 5 36 271 335 211 440 57 346
722
426 427 558 375
766
546 612 37 300 112 151 88 409 283
737
672 164 613 328 104 491 236 429 622 270 110 399 51 598 408 634 604 478
763
258 260 389 7 14 527 23 151 168 48 177 308 447 202 83 597 470 473 604 350 480 103 508 240 380
677
98 227 261 40 105 174 277 374 475 155 479
783
640 129 523 655 528 410 155 297 173 182 63 580 73 77 88 94 225 361 362 503 379
731
65 40 587 537 115 403 85 214 409 30
739
578 74 176 273 279
777
515 264 523 149 27 44 52 61 574 66 69 330 75 589 214 472 219 604 477 223 480 611 244 125
729
512 384 130 455 586 202 684 106 558 315 306 244 311 216 217 379 414 479
753
19 340 222 286
788
577 515 132 37 358 265 73 553 409 173 302 329 306 246 473 282 575
781
134 143 658 148 412 286 303 690 309 181 697 446 329 592 119 503 371 631 635 124
780
160 136 109 591 472 315 220 93 542
768
642 324 455 46 270 148 85 533 539
718
261 135 138 15 406 410 415 295 682 74 333 78 591 336 224 100 626 247 125
725
7 393 233 43 492 523 463 114 532 310 375 57 253 671
750
390 520 138 528 275 404 21 406 538 551 58 443 316 330 593 338 344 609 360 366
771
513 673 419 535 325 169 632 664 14 399 529 438 279 24
759
512 642 524 140 238 556 61
733
448 97 549 616 394 407
777
389 275 149 26 668 672 549 169 554 555 429 565 310 185 441 329 460 468 87 89 223 619 109 626 118
785
644 518 15 278 284 414 542 678 166 43 45 692 185 447 66 72 598 87 484 365 373 630 380 511
711
162 228 650 179 251 348 606
714
649 66
765
385 258 3 77 334 497 275 535
778
264 268 14 16 22 537 670 547 419 36 690 52 181 315 579 198 586 206 207 209 81 470 607 121
790
136 617 392 685 401 498 535
785
387 520 21 164 687 48 561 697 186 198 455 211 89 223 611 613 485 371 120 634
719
387 389 18 664 156 548 167 552 297 309 572 328 329 78 466 467 343 225 235 111 499 120
740
672 161 324 485 37 550 389 203 463 115 52 117 308 568 60 637 126 95
736
642 260 646 648 9 138 399 661 412 671 164 431 693 442 448 322 591 347 612 127 126 383
730
675 220 318 518
730
128 99 675 166 649 490 652 365 398 60 560 306 20 629 92
723
385 268 13 406 33 556 47 696 601 96 355 483 233 500 245 632 633 508 637 382
763
101 38 424 267 459 465 659 20 212 252 123 124
727
268 278 25 155 411 415 32 676 551 692 321 194 585 78 599 96 97 229 362 372 247
702
325 391 583 210 84 506
750
482 484 134 424 202 653 141 464 692 632 153 187 444 318
790
139 147 405 419 553 427 44 180 309 310 441 446 204 333 334 599 353 360 242 244 636
770
576 322 259 390 524 301 529 215 600 443
757
128 483 421 294 616 361 398 655 272 432 657 182 697 667 605 542
734
639
728
646 489 426 683 511 176 306 691 308 55 474 251 252 63 287
759
451 319 351 243 278 503 93 671
737
417 483 133 134 415 139 222 596 443 277 506 571 700 381 510 607
789
448 160 446 423 205 269 403 158
703
69 294 170 428 626 60
726
15 400 531 275 660 283 413 295 41 42 47 50 572 455 85 91 503 614 497 244 116 246 119
774
225 547 164 517 6 133 680 138 363 300 429 426 600 123 382
763
419 487 9 568 61 319
784
512 643 264 265 10 155 20 149 598 443 477 222 63
774
132 391 271 146 405 420 682 434 564 309 53 315 452 454 200 342 344 614 620 246 374
744
387 390 136 145 277 406 539 676 684 302 303 305 59 194 72 472 473 347 488 236 492 368 372 251 509
740
129 4 91 650 172 685 654 111 461 658 180 244 375 378 27 124 125
724
128 36 612 678 237 466 19 405 150 214 56 220 94 95
741
578 462 590 559
796
516 649 418 427 306 309 322 327 588 208 339 598 88 219 96 485 487 378 251
742
320 640 453 232 201 109 429 537 16 336 658 307 404 504 473 378 24 383
727
386 652 286 677 424 429 312 189 447 582 330 334 591 592 337 214 88 345 607 238 252
763
672 513 451 164 38 73 305 370 660 181 375 442
742
263 683 460 338 563 372 215 120 219 348 253 383
702
34 678 424 269 173 462 48 397 562 179 180 506 286 351
791
609 34 71 360 555 434 319
752
274 23 535 538 283 38 51 696 697 445 326 597 93 608 356 613 359 107 621 628 504 511
724
384 512 643 330 559 593 180 182 56 318
709
226 451 196 100 294 230 492 622 46 657 369 469 505 410 635
715
512 161 546 350 678 12 557 654 175 338 503 314 638
701
289 3 423 635 202 300 654 401 659 340 405 180 311 56 282 571 412 126
763
130 653 145 24 408 420 38 678 39 313 208 85 91 222 97 486 489 499 255
709
627 475 220
705
674 259 38 202 75 276 373 606 511
784
644 653 148 539 28 284 669 548 173 687 49 437 582 585 462 220 485 246 630 380
758
32 491 333 502 186 126
727
229 582 462 398 623 84 316
746
352 547 582 630 571
808
419 233 139 653 247 88
729
544 642 547 164 646 167 487 393 9 651 653 51 628 279 440 538
718
577 321 164 420 679 424 110 283 240 530 602 315 126 543
770
519 528 274 147 27 285 293 423 43 73 74 84 212 343 604 231 490 376 250 511
744
197 326
728
132 518 648 139 657 26 288 293 685 559 54 453 212 345 218 359 495 371 501 504
726
195 616 72 620 556 588 526 432 626 631 216 507 669 158 319
778
386 647 528 147 280 409 282 680 48 689 562 320 458 460 79 212 342 615 105 490 109 624 504 633
749
384 256 395 396 655 412 415 294 682 52 54 576 88 91 609 105 363 620 639
769
93
765
544 99 392 363 461 241
770
326 383 209 151 345 603 511
740
581 454 295 138 108 78 409 445 478 639
700
96 200 334 654 436 504 570 31
750
643 9 145 273 662 28 294 550 305 50 177 314 72 588 590 607 107 622 114 374 630 382
692
260 652 664 159 672 163 677 45 559 180 89 604 476 611 357 102 487 104 239 631 127
715
434
740
642 515 517 649 399 659 531 147 406 153 283 572 189 192 193 451 199 463 613
755
9 146 25 159 677 299 561 565 573 74 211 89 603 355 613 358 231 234 242 380 383
773
646 6 652 145 25 412 419 296 177 573 319 460 340 343 346 483 614 114 507
755
268 270 21 662 281 289 421 571 699 575 211 472 94 225 611 358 238 113 370 250
732
390 394 16 20 421 551 171 172 179 698 327 333 206 93 94 484 614 113 626 379
767
5 423 296 523 236 268 174 398 367 587 627 567 62 411 478
715
547 421 464 369 475 669
763
608 193 386 71 77 87 536 380 509 254
751
481 356
787
43 334 79 404 31
773
515 142 658 151 25 154 667 153 285 558 51 692 182 574 455 464 212 213 473 479 229 105 620
738
668 5 105 681 15 400 209 434 52 154 156 383
732
194 229 679 523 58 30
737
97 449 11 140 464 633 671
737
674 227 166 527 562 468 503 24 285 476 93
779
257 134 262 395 399 272 156 49 695 191 586 207 79 209 598 220 226 233 361 492 366 628 633 634
716
546 392 361 182 470 412 543
772
484 165 391 615 461 462 239 335 402 435 85 438 153 282 636 541 382
775
481 424 393 606 523 590 303 528 145 275 468 437 566 595 30
737
256 259 395 396 656 35 548 427 566 464 347 93 351 97 610 612 233 617 491 490 363
776
248 133 678 103 457 201 555 75 525 79 272 625 433 275 84 472 409 348
760
274 667 285 671 52 197 89 480 104 617 109 622 368 627 119 250 123 381 126
702
131 199 394 651 540
769
288 101 648 606 202 171 300 399 243 532 567 126
773
514 387 516 518 137 267 270 17 158 166 300 556 431 52 441 59 571 699 596 344 359 379
743
530 621 381
751
258 613 39 455 8 552 332 524 462 655 175 492 178 339 268 313 28 253
709
517 645 11 12 13 536 158 288 167 42 560 694 317 86 364 126 635 508 509 254
757
674 258 164 514 454 141 204 620 685 173 592 81 238 142 212 562 431 570
763
198 432 117 698 637
737
389 12 531 151 32 299 558 311 186 700 189 191 449 194 578 592 229 230 103 241 508 127
782
418 567
782
292 459 277 629 151
771
454 364 148 215 700 413
730
646 663 408 279 286 161 674 676 424 431 689 690 58 186 59 216 349 103 623 244 638 511
742
609 104 232 664 113 659 245 662 469 376 697 566
739
289 483 228 547 510 103 518 172 623 626 148 184 567 152 666 251 61 30
766
352 577 576 580 645 137 364 207 656 82 536 475 188 413
759
28 93
732
481 675 296 360 394 428 589 367 628 277 437 279
745
385 11 590 85 187
752
353 355 485 585 170 171 395 687 145 338 689 533 278 345 58 251 604 670
699
321 357 519 492 654 399 208 209 434 370 570 120 698 667
716
384 261 264 525 655 159 416 418 169 426 573 190 450 68 206 80 337 214 600 346 111 372 636
726
4 143 538 33 37 301 183 57 64 195 580 69 326 586 459 465 343 96 482 619 238
737
418 459 460 555 411 52 87 152 569 603 88 476 510
729
648 524 655 149 279 161 674 290 424 41 296 696 314 187 68 71 329 459 342 89 236 114
743
675 3 422 169 556 81 658 211 532 55 153 347 28 604
789
613 390 7 72 393 619 177 689 401 213 638
760
610 578 549 199 552 359 615 73 496 465 120 89 346 380 445 94 319
743
584 324 136
717
323 132 37 458 175 18
749
558 391
746
224 257 98 70 295 264 360 102 107 523 333 359 582 500 153 602 93 95
746
650 675
750
352 34 679 186 650 171 494 177 311 90
760
34 549 638 687
755
3 391 394 169 176 563 183 446 451 199 74 208 213 602 347 99 228 234 618 365 241 378
713
641 514 129 532 662 411 158 419 291 200 73 338 83 85 226 228 492 626 509
730
530 546 547 422 169 178 194 579 450 595 468 599 481 359 489 619 493 239 626 628 638
679
673 67 36 325 11 364 562 661 182 445
781
418 35 164 355 616 587 556 398 665 629 341 696 313 155 606
762
3 260 5 102 133 39 169 41 268 659 469 246 632 603 252 540 127
800
443
752
224 194 478 167 328 553 10 587 525 403 692 23 542
724
32 641 98 513 577 230 329 297 141 370 310 312 217 506 508 286
741
132 645 147 151 24 285 543 415 292 420 432 320 449 583 461 592 468 88 605 102 233 238 637
751
194 547 35 325 550 292 491 236 77 525 79 591 564 597 244 154 507 700
781
224 641 386 482 4 327 297 138 364 560 208 278 55 313 215 155 348 574
758
450 548 362 403 308 52 183 153 636 671
775
135 171 626 275 281
763
262 407 539 284 415 291 36 42 44 305 690 324 202 333 589 81 83 615 121
749
416 161 130 640 516 16 566 599 573 607
784
519 276 23 668 683 175 432 177 182 449 193 323 458 203 334 464 227 489 122 510
780
135 138 14 415 291 48 56 578 195 586 458 209 476 348 605 609 612 232 234 238 240
754
2 35 483 319 382 555 236 463 496 592 83 375 122 700 574 223
787
224 321 449 359 232 79 496 83 244 19 86 537
758
481 257 106 429 496 177 565
772
272 122 316
741
448 385 577 676 516 646 42 587 331 626 628 501 470 87 406 372 124 94
716
25 219 270
721
645 391 142 528 22 537 410 291 306 443 188 575 70 206 79 81 472 479 102 111 116 629 374
780
288 177 84
772
320 259 548 168 331 369 691 116 694 407 89 669
764
109 663
762
260 8 14 660 278 410 420 168 558 688 433 179 696 322 75 77 89 91 234 362 499 380 124
751
261 526 665 537 669 289 548 292 305 178 691 52 439 200 460 332 215 222 488 238 497 117 507
766
458 140 561 538 188
776
191 97 355 612 453 478 391 490 650 306 692 153 188 574 479
792
128 3 217 17 345
766
353 161 648 361 41 268 237 654 13 338 595 498 533 466 249 155 316 222
714
385 647 651 12 656 286 31 158 426 427 684 60 462 79 339 598 599 349 606 97 368 497 248
806
13 528 657 401 278 421 38 173 432 310 191 323 207 593 465 485 631 493 239 112 114 503
722
618 396 238 277 664 537
754
646 105 683 270 369 114 506 29
779
5 394 492 526 655 497 595 150 538 539 287
749
274 279 542 547 421 426 304 691 307 438 59 62 65 197 455 591 468 472 216 362 112 378
775
384 258 669 233 434 601 253
763
576 424 458 108 461 301 460 240 626 215
751
138 15 528 147 281 25 538 47 433 181 438 55 202 462 463 80 340 213 342 479 353 484
756
289 326 297 489 267 142 464 275 660 255
773
385 6 456 138 461 142 695 602 700
738
654 530 287 415 38 171 686 174 309 570 442 571 445 576 587 94 223 351 607 496 371 382
761
323 195 287 511 143 80 437 505 127
764
515 677 293 105 236 399 306 472 127
734
514 446 5 6 133 677 110 304 402 147 502 310 504 282 443 286
804
197 613 456 362 299 76 526 430 500 471 25
728
128 513 228 168 439
726
64 650 458 206 334 432 633 370 273 148 695 249 92
691
416 385 100 261 408 524 557 664 271 599 472 378 188 542
752
640 675 676 231 488 557 175 16 689 625 594 400 665 539 572 477 126
730
384 140 157 670 542 427 439 57 188 192 455 72 206 617 236 108 371 499 500 120 126
749
398 530 276 533 33 295 45 304 178 691 310 440 65 466 602 348 489 627 247
776
165 42 523 142 14 687 435 537 474
768
376 649 615 87
634
140 654 528 409 286 162 548 681 682 43 299 185 445 584 204 211 597 217 352 361 494 238 239 634
802
73 267 503 56 216 671
699
530 531 539 672 290 163 292 422 681 587 590 89 92 617 361 112 501 506 379
728
3 518 648 139 527 541 670 170 175 53 570 700 317 345 350 351 113 114 121 122
721
296 586 44 429 141 270 144 639 208 366 564 84 333 215 220 413 191
746
513 10 638 173 334 77 689 660 215 443 60 62 255
785
385 353 162 260 676 232 73 553 586 492 304 563 534 118 182 374 254 127
758
153 185 358 328 638 587 333 270 334 240 367 656 211 87 120 345 509 94
718
352 416 99 613 230 199 648 524 243 570 346 222 127
751
289 195 517 646 112 560 339 309 152 541
765
217 454 62
703
469
686
386 651 656 145 658 19 410 288 677 555 178 58 317 324 206 598 601 352 635
710
288 610 323 131 581 388 317 147 635 156 669
777
153 484 613 232 136 331 492 237 684 18 275 52 564 441 346 187 380 157
745
129 99 458 619 508 399 561 372 150 312 28 575
746
387 164 585 116 598 607
760
256 503 101 520 569 689 211 694 214 313 282 444 190
756
65 394 43 652 330 140 106 528 691 244 85 630 55 121 58 375 95
751
640 577 355 195 323 328 651 524 48 336 498 210 245 376 57
749
263 10 524 13 15 148 278 415 685 51 691 182 696 699 573 450 603 229 499 118
782
514 678 551 106 331 172 589 462 656 370 309 438 535 248 379
759
322 194 100 676 39 328 553 235 495 687 81 693 85 439 600 380 318
739
95 493 382 39
778
97 68 585 393 695 696 403 22 438 216 125
790
128 513 269 657 157 418 293 174 317 67 197 583 337 214 342 87 90 603 616 104 490 235 383
726
258 644 389 264 285 300 433 562 308 437 439 320 200 585 474 226 99 619 240 381
776
672 97 450 230 363 368 690 663 29
727
224 291 580 408 134 267 492 428 430 671 50 565 280 443 120 216
761
4 39 456 424 301 333 463 92 594 51 405 661 344 634 88 220 509
748
515 535 196 649 138 107 44 173 203 341 470 471 665 156 223
736
37
787
545 162 235 364 397 245 412 349 542
799
231 457 174 367 688 344
759
75 270 302 527
769
131 195 515 262 167 326 618 653 174 241 466 660 308 283 573
780
399
740
385 258 23 283 542 30 295 423 300 557 558 49 565 313 442 447 326 86 616 489 240 244 373 633 634
786
272 404 27 32 39 184 569 442 192 452 199 77 224 480 356 233 236 495 372 246
749
641 132 133 145 19 419 295 691 438 698 61 445 71 593 467 86 471 364 110 368
743
