30
18
20 21 22 23 24 25 26 27 28 29 30
605
16 17 18 19 20 21 22 23 24
757
5 6 7 8 9 10 11 12 13 14 15 16 17 18 19 20 21 22 23
61
22 23 24 25 26 27 28 29 30
389
1 2 3 4 5 6 7 8 9 10 11 12 13 14 15 16 17 18
180
8 9 10 11 12 13
458
18 19 20 21 22
857
3 4 5 6 7 8 9 10 11 12 13 14 15 16 17
680
4 5 6 7 8 9 10 11 12 13 14 15 16 17 18 19 20 21 22 23 24 25 26
809
24 25 26 27 28 29 30
283
1 2 3 4 5 6 7 8 9 10 11 12 13 14 15 16 17 18 19 20 21 22 23 24 25 26 27 28 29 30
958
1 2 3 4
15
12 13 14 15 16 17 18 19
283
19 20 21 22 23
401
5 6 7 8 9 10 11 12
435
1 2 3 4 5 6 7 8 9 10 11 12 13 14
756
7 8 9 10 11 12 13 14 15 16
146
26 27
607
