1000
500
514 8 24 26 38 44 569 572 68 583 586 77 598 600 602 603 101 616 108 623 111 628 629 121 123 126 129 641 137 650 138 652 654 662 664 167 186 187 702 195 202 203 727 217 219 223 228 741 746 748 240 758 248 773 266 271 272 273 278 281 283 808 302 308 309 825 322 840 853 864 865 877 883 885 891 894 899 400 921 928 423 425 943 946 449 456 457 970 979 474 998 486 491 508
201
256 641 130 135 394 907 652 783 15 17 530 916 660 533 788 279 409 284 544 545 34 422 295 552 682 430 177 821 310 311 566 183 951 827 701 189 64 716 333 204 719 591 336 463 596 984 88 346 859 473 605 478 344 864 353 998 877 505 111 760 369 115 376 377 380 637
427
258 3 261 774 775 264 905 776 391 269 14 657 793 413 669 161 35 292 40 173 46 431 688 45 690 434 692 820 438 814 568 575 325 582 581 201 331 76 844 974 718 981 342 984 986 346 734 94 97 611 619 753 246 759 633 506 635 895
433
518 521 786 415 160 288 167 42 811 173 315 446 575 193 585 458 459 80 850 852 982 989 889 869 106 628 372 377
284
256 771 10 781 910 15 782 787 662 797 927 160 159 804 293 169 939 301 690 947 949 695 956 191 192 67 838 967 586 971 593 212 598 727 734 737 229 872 635 236 239 244 758 123
901
768 545 260 676 492 538 951 344 473 250 316 319
386
518 13 27 541 35 38 553 556 558 563 56 574 576 579 583 79 595 91 97 612 614 615 106 108 109 624 116 631 639 647 137 650 139 652 653 661 151 688 179 693 701 194 195 202 722 217 221 734 740 229 234 236 750 240 241 755 761 258 772 262 782 784 273 276 791 793 311 827 317 829 854 858 861 869 368 376 381 893 901 399 409 411 418 422 938 942 944 947 439 463 467 495
3
484 837 422 100 997 923 234 206 432 784 665 116 630 951 185 315 63
331
257 513 258 389 907 142 655 274 786 278 920 409 922 283 668 287 800 804 678 809 811 557 942 430 306 820 440 316 189 66 453 969 76 850 468 724 598 727 472 346 863 480 97 864 995 739 232 233 747 365 239 112 629 630 117 121 382 639
66
66 450 101 828 293 39 873 138 813 878 847 846 276 246 534 345 411 540
950
513 259 901 902 267 908 788 406 919 407 794 803 932 37 291 677 173 942 559 309 312 447 194 835 452 328 202 971 78 207 79 81 850 723 979 469 470 95 607 98 746 363 618 880 243 117 888
911
524 20 538 539 542 34 548 549 551 43 558 561 64 579 69 71 591 86 603 605 609 99 108 621 620 624 114 118 641 644 668 670 671 160 158 180 696 186 189 709 200 715 725 222 737 233 748 751 757 761 763 770 777 274 280 796 287 800 808 830 318 831 325 329 344 865 867 873 375 377 893 397 913 409 926 419 432 950 951 445 449 962 961 964 455 460 977 982 471 992 487
592
5 524 525 25 542 549 554 555 557 56 65 70 585 74 79 91 604 98 613 108 110 111 116 629 633 634 644 645 649 139 146 659 150 152 666 672 170 687 182 698 192 193 200 720 214 732 756 246 759 760 761 252 260 774 271 280 282 807 814 304 824 829 338 340 345 859 860 358 874 875 876 883 375 896 387 901 902 401 414 927 939 946 947 438 953 451 967 457 972 978 474 987 505 506
111
160 482 579 771 42 139 51 884 245 535 250 444 191
162
896 768 132 648 139 780 143 273 659 276 792 157 414 415 675 676 549 36 297 553 175 691 185 826 572 190 447 831 322 451 329 77 590 589 336 468 596 342 87 739 100 229 487 1000 360 744 235 364 877 748 239 488 247 891 765
361
141 13 15 147 25 39 295 432 178 53 310 830 851 858 731 997 1000 748 750 110 376
54
673 387 739 426 620 752 405 824 923 28 540
385
2 131 3 389 775 904 136 138 139 272 401 16 275 151 152 537 539 924 923 673 418 935 683 428 813 939 815 812 819 696 576 832 196 454 968 458 845 717 592 209 83 213 856 858 221 990 223 606 484 234 619 749 495 754 883 501 507 123
51
513 519 9 529 18 532 537 556 44 50 51 567 589 80 597 598 605 101 623 627 119 121 129 139 143 657 146 676 688 704 708 201 714 203 206 228 232 234 748 763 251 769 258 783 275 789 790 791 289 295 297 298 813 302 311 314 334 849 877 374 890 891 385 910 407 922 412 925 935 433 448 449 963 965 464 476 480 488 493 494 504 509
947
640 904 907 268 267 145 786 147 659 920 537 410 924 797 158 161 419 676 933 168 682 685 430 816 690 180 181 694 183 697 320 195 836 964 838 583 72 200 972 78 463 848 852 468 343 599 729 987 96 353 98 739 745 875 111 239 882 371 629 502 374 632 121 122
984
257 387 900 263 649 394 912 787 788 802 678 166 680 48 435 179 180 54 568 956 446 319 200 842 970 462 846 78 593 463 85 214 221 737 485 103 105 234 621 240 632 252 127
843
3 4 8 523 18 533 539 29 549 37 46 47 61 70 74 78 593 85 89 614 103 114 123 638 131 651 652 660 661 148 159 674 165 693 694 183 186 201 203 720 723 724 214 225 237 750 758 253 774 776 264 275 791 292 295 813 825 835 324 335 849 859 862 358 365 886 380 387 388 908 918 414 934 939 944 946 438 951 446 963 972 460 463 977 472 986 996 495
429
791
214
4 20 28 542 38 561 569 570 575 579 583 78 591 594 595 597 598 102 627 631 636 637 126 642 132 648 650 141 151 669 158 174 193 197 723 215 217 737 237 752 757 254 256 770 275 278 286 295 296 301 824 316 318 836 843 333 339 861 874 883 375 377 378 385 386 387 389 905 909 399 917 924 928 930 937 426 954 958 447 959 961 963 970 978 983 990 997 999 487 507 509
926
384 128 770 653 783 18 787 661 150 925 927 804 805 47 818 436 578 966 458 717 335 210 470 89 857 987 867 868 483 359 231 233 746 109 878 631 888 889 636 637 638
55
391 393 908 913 662 421 295 681 565 182 832 326 838 329 727 89 601 869 1000 243 755 245 251
709
353 36 72 265 299 273 981 631 218 446
910
5 523 536 567 572 64 593 89 602 605 95 110 624 632 637 125 138 651 147 659 159 675 677 679 680 694 186 188 705 707 201 715 204 208 721 724 739 742 234 243 244 761 765 256 264 270 784 804 806 815 307 821 834 323 837 850 851 339 342 348 354 868 356 380 381 391 393 908 399 916 406 409 419 427 435 948 956 958 447 453 979 469 472 998
671
128 772 520 265 649 270 783 400 402 146 21 22 154 411 667 285 542 163 38 297 554 174 435 180 693 439 824 577 449 197 837 839 711 201 590 850 89 859 987 349 94 991 97 485 103 615 621 494 880 881 242 499 369 501 371 507 765
232
514 268 654 657 404 537 802 164 297 681 812 695 569 59 707 714 846 82 346 889 99 746 875 754 505 383
624
523 15 528 529 540 29 28 34 547 560 563 566 569 57 572 581 71 80 82 84 599 95 619 623 627 629 638 129 642 134 648 138 159 672 165 187 705 209 218 737 231 252 766 772 274 786 789 794 286 799 801 802 806 301 313 829 830 831 320 319 322 326 856 351 877 373 889 891 383 389 916 405 920 411 928 419 934 935 432 438 452 456 969 981 478 1000 489 501
800
641 258 261 262 391 903 392 395 401 786 658 145 277 408 920 923 671 544 35 299 305 701 702 63 960 198 455 87 215 991 740 488 105 622 756 251 255
565
129 17 26 928 163 811 558 694 55 826 319 966 590 206 89 858 218 867 233 625 627
839
512 517 527 546 40 557 50 62 63 578 81 598 601 96 618 107 112 114 636 126 137 654 144 145 657 147 151 157 670 161 165 172 180 694 709 203 722 210 735 751 250 762 764 253 771 774 787 277 279 792 281 799 288 800 295 314 836 335 849 850 351 352 371 899 905 394 402 916 407 420 940 429 434 953 447 449 963 465 978 987 996 485 493 496 510
603
1 259 515 650 140 782 398 403 664 797 416 802 421 40 42 170 813 818 308 310 311 566 317 829 831 446 962 450 68 453 584 329 714 75 72 971 846 212 855 472 603 606 355 612 869 484 230 874 110 370 626 886 377 506 765 894
382
899 131 393 908 141 528 144 159 289 546 420 41 298 555 940 429 427 687 944 691 436 566 822 957 446 838 586 727 757 118 249 891 254 127
31
384 385 898 515 3 517 259 646 778 267 906 394 908 15 400 20 149 150 153 410 287 928 293 678 677 680 41 428 940 174 176 432 948 693 953 187 318 447 452 965 325 201 205 973 721 722 471 731 604 350 478 224 995 357 235 747 621 878 881 114 501 247 380 250 636 894 639
242
37 70 879 114 468 532 698 734 927
801
396 146 20 279 934 296 171 46 689 434 819 951 312 700 830 62 964 965 70 585 201 713 728 476 605 350 608 877 752
763
539 41 556 558 51 563 572 582 588 79 82 597 91 610 110 113 114 121 127 129 642 135 649 152 668 669 682 684 178 700 704 193 198 200 203 717 219 732 735 738 742 241 754 244 763 767 256 257 771 786 279 795 287 799 294 807 806 305 819 822 311 829 833 839 335 849 850 339 343 351 867 355 869 359 365 878 882 884 905 401 920 413 932 426 943 948 438 449 963 967 458 505
394
513 17 21 24 538 539 31 554 556 560 50 51 53 54 566 55 65 578 73 591 89 95 619 109 622 634 636 641 130 648 653 654 142 664 160 161 162 680 171 177 180 188 700 701 191 193 716 718 216 217 229 233 761 256 259 774 263 265 274 283 801 806 807 808 812 301 302 314 325 333 336 849 852 345 862 355 362 880 885 905 395 405 415 945 949 442 954 988 989 990 494
154
651 141 783 147 409 30 934 556 815 51 309 311 571 197 70 840 587 589 848 978 210 468 731 732 93 607 481 482 740 741 362 747 234 110 506 115 376 378 123
898
258 131 516 518 11 909 398 143 783 656 274 269 406 920 280 540 28 669 930 165 807 552 938 814 181 438 183 184 570 955 317 318 578 69 456 842 74 844 716 973 335 83 340 854 991 482 867 994 101 741 105 623 624 625 626 504 121 122 252 255
4
710 297 940 46 751 336 720 338 984 438 62 792 281 285 765 702
414
129 773 777 268 16 272 26 681 174 432 823 58 827 828 192 964 75 590 718 466 219 741 870 357 872 362 749 880 884 503
665
257 259 522 142 273 147 19 278 665 538 667 923 31 806 43 817 819 309 573 579 580 711 588 463 464 466 343 102 619 751 113 503 893 510
471
419 838 903 142 750 146
477
482 553 394 908 719 538
839
129 386 387 4 772 646 518 264 522 397 525 656 784 401 786 276 918 151 407 282 539 283 541 926 927 415 667 158 420 933 680 297 426 690 947 52 185 697 319 320 68 966 455 585 586 971 208 82 340 507 599 217 602 348 94 478 480 225 995 100 229 998 745 876 378 879 367 756 885 118 887 373 761 890 379 383
25
385 394 139 140 781 12 915 157 926 289 931 933 166 173 303 176 318 703 65 73 331 737 739 744 237 499 891 894
163
651 781 663 927 933 946 565 694 439 951 58 954 572 448 65 66 67 454 849 724 856 600 216 478 608 738 873 877 253
952
388 389 264 137 265 268 780 660 277 22 409 666 668 415 544 547 806 168 682 683 813 176 305 948 52 308 311 952 698 58 318 963 199 583 330 843 204 460 463 720 849 851 980 736 737 610 232 747 493 238 494 880 629 886 631 377 378 894
731
641 898 610 709 807 873 751 560 111 816 629 886 23 374 953 793 508 607
884
1 643 259 646 391 777 265 521 915 20 19 790 151 534 791 669 671 36 296 681 975 299 683 687 560 434 51 308 562 694 179 696 185 569 315 703 448 322 326 839 455 966 844 333 461 846 207 337 82 851 980 341 210 343 728 726 852 987 222 735 889 483 356 231 107 621 755 373 118 119 634 633 506 246 381 76
290
5 14 526 529 538 542 37 559 561 566 568 584 75 593 595 87 89 101 621 115 118 124 637 655 145 664 153 160 162 177 180 695 196 708 711 199 720 214 728 729 739 741 745 746 235 238 765 253 770 781 276 800 803 292 309 322 323 324 837 838 841 845 339 341 855 351 866 870 871 872 362 890 892 896 385 899 903 913 917 416 419 421 940 964 972 462 475 990 478 483 490 492 500
99
1 8 9 27 540 542 549 553 556 69 595 93 607 105 620 111 623 628 634 653 658 660 661 153 165 186 193 718 731 220 741 744 238 755 243 757 760 254 771 261 780 791 282 802 806 296 816 819 825 315 841 337 853 343 861 864 874 875 370 394 397 910 404 927 932 948 950 446 959 448 449 456 461 980 478 486 500 510
685
645 198 343 888 442 348
622
128 637 904 264 392 139 526 144 404 661 157 673 803 164 420 550 680 938 939 44 46 306 180 821 822 692 700 64 451 68 584 719 597 345 987 604 870 742 491 493 375 120 121 253
948
654 528 534 280 282 667 934 296 425 812 175 176 689 565 698 572 573 63 448 841 457 329 973 592 86 984 857 219 230 615 875 110 370 371 629 634 762
68
769 642 643 901 903 775 268 780 782 527 400 272 402 532 533 918 663 24 413 30 286 801 290 807 170 685 174 690 52 951 192 450 80 593 592 979 83 470 343 598 859 348 92 478 608 96 992 224 740 864 611 488 110 751 509 895
318
487 136 267 556 109 591 528 305 625 536 189 127
613
896 770 647 266 268 13 914 406 791 151 27 30 31 545 931 934 684 45 815 687 49 305 439 698 966 71 840 329 972 462 79 980 85 852 344 730 219 360 616 492 376 511
734
768 769 514 261 903 651 909 654 656 894 402 411 925 670 159 418 931 37 679 423 818 309 182 567 187 831 577 961 965 198 455 966 716 592 721 342 87 345 601 92 863 608 865 354 99 995 229 870 122 225 228 491 238 369 115 758 634 248 502 506 254
966
258 898 390 383 656 403 275 149 920 25 795 292 40 425 810 942 558 560 691 52 182 311 696 699 700 957 446 575 194 836 580 68 837 72 839 843 587 590 463 593 83 984 345 473 987 93 1000 362 875 492 622 495 880 242 121 127 639
110
520 137 524 270 529 160 929 172 562 51 180 184 316 194 459 978 338 729 253 351 483 613 232 490 492 494 375 377 250 893
838
515 262 135 777 265 786 404 33 163 38 680 557 817 59 328 585 331 715 849 978 853 601 985 221 736 355 507 895
435
513 2 515 521 523 532 533 22 30 31 547 551 564 575 72 73 615 107 620 619 623 625 629 122 127 644 138 676 688 180 183 189 199 713 715 719 209 226 236 252 769 779 788 279 286 801 300 304 314 830 323 343 355 892 380 386 387 404 413 419 932 426 946 953 450 965 454 459 975 977 979 469 982 987 477 481 482 996 502
467
902 7 393 523 653 398 792 154 538 678 550 47 175 74 607 863 368 243 503 504 249
705
519 536 537 26 541 542 38 551 552 554 563 565 574 65 80 599 605 105 626 631 636 124 640 641 138 653 144 664 667 161 675 166 680 171 182 190 191 193 705 708 713 726 734 223 738 228 232 747 242 243 761 253 777 274 786 279 795 287 801 294 816 820 319 835 843 855 858 347 358 873 376 387 402 405 917 920 416 425 431 436 441 953 451 966 969 463 465 978 982 474 986 989 998 490 495 498
423
2 7 519 23 26 560 63 67 68 583 95 610 611 101 614 104 106 110 627 117 629 125 638 129 642 643 649 142 163 172 685 686 175 176 174 689 183 193 194 197 714 723 212 214 215 727 221 230 745 240 244 775 287 800 809 810 813 304 828 829 846 848 342 855 864 356 873 369 889 379 388 909 911 401 403 916 409 925 422 426 941 443 447 452 453 971 462 476 489 492 499
435
769 770 129 386 643 263 396 914 20 663 792 794 923 673 162 292 805 172 813 302 431 175 687 946 51 690 949 693 309 313 58 573 963 838 455 593 723 468 212 471 728 216 94 999 104 231 237 556 496 684 756 887 507 509 511
289
448 896 293 618 138 120 923
538
961 899 393 554 717 525 79 878 51 243 757 630 341 531 345 798
343
257 388 7 265 780 783 410 797 287 42 940 300 689 840 843 209 977 211 725 854 349 605 93 738 227 611 101 231 875 759 239 371 243 630 503 376 758 886
734
515 654 910 659 538 923 160 805 814 435 692 181 438 825 954 572 957 837 967 332 464 722 595 853 474 221 865 485 231 744 235 748 882 120 894
86
514 9 523 16 27 539 548 39 48 564 62 69 597 90 603 606 607 99 106 619 111 115 654 660 151 664 163 165 167 168 171 693 186 708 710 200 716 220 735 239 240 250 253 254 772 268 270 800 808 296 810 303 819 316 317 833 321 843 845 347 360 362 371 885 373 377 896 901 396 913 914 922 414 937 434 949 952 953 447 457 464 469 472 477 989 996 485 500
903
896 8 907 655 143 660 790 791 153 666 417 934 684 941 558 944 689 817 950 313 58 60 445 62 453 582 327 328 715 588 467 470 86 601 986 476 989 990 226 866 357 869 235 879 890
671
6 519 529 32 546 547 550 39 40 558 47 577 589 597 599 95 608 609 614 103 627 116 134 135 139 140 145 159 160 674 163 678 679 688 691 185 193 197 720 212 727 220 240 753 241 760 771 780 269 813 304 819 307 820 828 325 326 328 842 333 859 348 864 353 873 361 875 366 371 376 390 394 397 406 422 945 953 957 963 965 460 469 477 994 1000 491 492
358
7 528 534 32 566 77 598 606 95 614 616 619 620 107 639 130 132 658 151 153 677 685 698 191 706 199 208 215 734 735 223 224 740 232 234 240 242 246 252 776 778 785 792 793 290 294 298 822 310 826 832 321 837 854 352 357 369 889 890 891 895 905 395 416 935 944 433 947 435 440 443 967 470 473 475 988 994 997 492 493
896
263 8 777 265 908 13 14 920 537 550 172 559 305 572 957 839 712 844 77 461 205 220 223 367 500 247 381
610
512 641 771 264 776 394 396 144 273 787 659 22 279 665 411 28 925 413 163 422 424 43 173 175 306 948 309 694 190 705 710 201 332 460 590 462 80 333 983 600 215 247 988 991 609 354 739 503 613 101 870 504 747 749 622 367 623 242 372 888 630 119 376 639
149
386 644 137 266 276 23 921 544 928 35 421 550 938 172 429 944 53 182 311 572 446 318 704 450 198 326 458 843 205 209 214 227 869 744 748 498 374 891 638
633
513 770 389 518 904 394 11 10 143 784 785 918 282 154 287 161 810 939 814 560 689 561 690 820 436 438 307 305 954 829 708 325 711 71 843 588 973 846 975 587 334 853 92 604 862 483 997 101 617 235 363 494 753 113 884 380 766
671
259 388 393 779 652 783 271 15 913 659 404 787 410 797 31 673 932 295 423 936 426 299 940 554 552 559 560 821 310 567 695 822 309 699 56 185 438 694 705 450 451 708 838 712 970 589 81 849 211 594 597 854 215 601 604 220 807 225 738 228 613 231 361 362 745 127 623 762 124 765 895
213
897 7 393 778 524 909 782 409 155 33 941 942 46 690 180 181 54 696 832 835 964 709 456 330 204 462 80 340 981 599 473 94 735 997 229 741 231 499 374 248
744
256 382 773 778 140 652 398 529 787 915 662 23 541 37 295 938 170 426 432 817 178 563 950 567 697 314 59 828 188 956 63 62 705 66 702 68 197 70 196 194 330 716 719 850 980 89 474 606 351 608 741 615 616 235 748 108 238 878 368 496 494 373 120 251 381 126 895
142
7 26 539 29 35 547 575 78 81 82 597 87 93 94 108 630 122 126 647 138 666 667 674 176 693 187 188 189 196 197 714 719 726 216 729 730 221 745 234 251 259 773 778 267 274 796 294 297 298 309 822 827 843 848 338 857 350 876 378 901 393 916 405 920 412 432 944 438 440 449 962 963 976 466 467 983 472 475 479 1000 511
788
513 11 523 42 556 53 54 55 566 68 581 582 583 72 74 77 79 89 105 619 622 111 112 120 127 647 136 141 171 173 693 696 706 196 213 225 748 751 754 244 759 250 777 785 283 288 304 317 834 325 848 340 354 871 873 364 365 368 884 896 384 387 901 906 915 404 930 937 425 433 956 444 963 452 968 458 459 462 976 978 995 999 1000 490
589
385 388 648 912 19 148 279 929 807 426 557 943 48 305 55 823 440 321 705 197 201 585 841 716 461 974 720 849 978 211 980 84 598 987 349 734 606 864 483 229 869 103 874 235 365 238 111 368 753 499 886 503 248 125 511
77
514 518 519 521 11 22 548 562 55 580 586 74 588 77 78 79 601 612 619 624 634 130 653 661 151 666 667 672 170 173 693 694 185 188 706 707 718 216 222 223 738 227 747 238 758 266 283 803 815 305 819 826 844 848 336 851 341 856 860 863 866 875 876 376 894 895 903 404 919 932 935 936 438 955 960 966 474 993 998 489 506
772
384 770 389 903 906 655 785 402 792 28 797 29 31 930 674 932 418 167 809 939 686 303 817 824 827 579 965 327 329 849 851 343 218 475 861 994 999 489 875 235 109 366 505 369 377 765
653
10 18 20 537 27 33 545 43 557 560 54 571 63 67 580 582 584 586 589 597 602 93 96 98 104 116 128 135 673 166 680 689 690 691 181 709 711 712 200 211 724 213 733 223 234 747 750 244 776 780 783 273 276 798 316 321 834 324 327 856 347 863 360 368 372 390 400 913 404 917 918 920 417 418 934 426 941 437 962 454 966 461 464 469 482 490 496
734
1 518 522 653 782 273 785 148 405 789 152 792 666 155 410 670 543 30 414 559 433 822 951 182 954 187 833 322 837 838 197 328 201 335 980 981 85 727 89 345 990 94 608 97 483 100 230 102 878 500 884 631 632 506 380
498
384 1 2 902 518 648 522 654 400 530 148 277 406 409 795 668 669 29 413 930 674 36 39 553 683 430 943 175 302 562 434 306 437 566 567 56 57 698 827 445 960 321 193 452 709 324 838 199 842 460 334 847 208 721 211 727 729 221 606 479 230 489 490 234 618 111 760 379 373 631 888 121 890 891 510
293
256 257 901 646 520 393 778 907 10 394 526 271 912 530 149 917 536 153 538 283 669 414 928 802 803 676 933 293 806 553 684 174 943 51 438 54 696 55 439 443 566 56 312 577 581 328 329 74 207 209 723 980 595 728 730 93 478 866 226 231 747 366 753 885 501 374 120
969
339 820 31 911
567
196 426 653 536 444 127
560
129 5 138 397 665 156 30 31 928 567 313 709 838 201 842 463 335 467 84 981 598 91 224 227 996 486 618 238 624 499 118 888 765
791
51 52 69 81 601 94 609 612 103 618 114 627 116 641 655 656 658 150 669 161 683 187 704 198 711 214 729 732 742 749 752 757 247 257 261 773 268 792 293 810 302 818 311 827 318 319 838 327 840 841 843 335 341 350 864 869 873 368 379 900 395 909 405 924 934 939 949 439 952 443 448 462 979 981 982 986 476 478 491 499 503
245
262 916 405 407 791 810 427 174 820 951 826 573 64 833 201 588 978 597 984 476 350 618 236 365 367 246
94
256 768 643 645 134 646 145 531 24 26 796 413 927 416 936 427 943 178 186 192 834 711 463 82 850 341 729 351 607 100 230 617 105 624 126
907
1 8 528 16 531 541 546 560 51 573 62 66 67 68 70 78 590 85 598 599 93 605 95 615 108 113 627 628 125 643 645 647 139 652 140 657 145 678 170 690 182 694 185 711 712 721 725 737 226 225 234 750 753 758 249 765 772 774 776 269 272 275 276 304 306 307 316 834 330 331 845 846 336 345 347 361 875 367 880 388 394 928 938 426 947 973 467 981 987 991 994 483 487 495 498
702
513 392 781 397 911 530 282 411 28 157 666 543 288 416 928 420 292 165 293 676 678 681 429 814 821 568 697 575 71 584 457 839 459 334 847 593 339 91 988 481 226 611 356 105 619 876 496 241 500 120 762 380 767
211
516 9 524 525 530 534 31 547 551 555 45 55 570 578 69 70 72 594 597 599 603 98 611 625 637 132 648 667 671 673 681 684 180 182 695 194 718 213 215 218 226 740 233 236 239 252 770 258 777 267 780 793 281 291 292 812 304 309 311 826 828 829 335 336 337 342 349 353 868 374 391 905 401 918 924 417 951 465 981 471 985 474 499
988
20 42 561 61 575 65 69 73 585 588 77 78 597 605 98 612 615 103 620 624 116 135 137 651 143 658 662 162 692 702 195 711 201 209 723 724 212 211 225 741 238 755 244 760 271 276 278 792 794 283 798 290 806 299 814 819 310 823 824 829 831 339 354 872 361 886 897 905 393 915 421 934 423 935 943 436 958 960 965 984 991 484 490 491 508 509 511
526
4 11 20 543 34 35 548 552 553 66 67 71 583 585 587 597 89 94 606 608 95 613 615 620 625 640 642 659 153 157 165 678 170 188 197 731 740 228 743 747 749 242 760 259 261 778 784 787 789 295 296 297 298 309 310 313 320 321 833 323 838 326 328 329 842 848 859 348 349 355 377 404 410 923 927 935 941 949 437 441 955 956 960 967 464 466 479 483 488 494 498 501 502 510
938
640 257 770 642 772 5 134 521 650 524 525 911 144 659 276 22 151 537 795 285 930 424 680 171 47 815 561 177 687 308 178 944 695 314 444 319 704 961 578 66 196 451 69 710 335 207 211 596 215 345 730 731 220 478 863 101 361 489 746 365 879 374 248 249 634 636 893 638
485
643 394 651 909 142 143 912 787 150 23 540 29 287 928 33 418 800 672 551 554 812 45 689 308 53 700 572 703 451 712 843 75 78 464 597 726 88 347 351 352 993 996 740 615 873 123 748 497 632 763 511
50
322 325 965 137 75 139 558 980 85 758 663 212
841
764 261 519 8 12 784 790 663 408 281 293 935 427 557 820 437 950 312 699 573 960 193 451 323 581 70 836 72 970 203 718 597 730 477 353 355 868 876 124 381 766
587
896 641 1 133 902 646 7 649 140 909 780 272 658 788 918 23 281 666 540 797 670 668 672 800 163 293 550 165 936 683 559 560 943 688 175 948 50 176 951 56 312 568 181 958 319 960 320 838 712 201 330 202 843 336 976 469 214 599 88 216 92 605 736 993 226 248 361 753 498 243 114 630 631 758 634
371
128 58 647 9 396 206 910 432 81 881 54 314 412 541 254
613
897 899 8 651 653 785 660 532 665 927 300 45 435 578 834 582 587 335 340 475 101 881 632 505 891
621
391 393 17 149 414 300 63 450 578 711 71 587 723 856 90 609 231 621 499
863
813
206
384 773 6 262 137 403 404 149 932 422 681 940 177 309 57 959 452 324 454 71 843 77 206 79 976 847 466 722 592 214 854 984 857 988 860 991 98 610 743 361 108 240 624 370 755 116 758 247 888 249 890
293
514 12 526 530 19 548 37 550 553 558 559 50 563 73 588 599 608 98 612 616 112 661 155 670 160 677 685 181 189 706 196 709 712 201 727 732 734 229 746 750 755 248 767 257 774 777 779 780 781 299 813 304 305 314 842 352 868 357 871 884 373 887 375 381 382 383 896 901 393 906 407 926 415 416 420 431 440 956 450 455 968 458 971 970 978 467 990 479 999 496 505
549
770 5 138 523 141 406 283 546 548 813 310 182 696 186 954 445 447 328 75 76 843 340 343 604 359 249
896
136 649 268 526 399 528 785 21 277 920 665 410 921 287 289 293 550 552 938 303 946 310 438 824 57 444 701 316 193 834 835 323 580 966 457 201 204 462 208 343 857 90 217 860 92 993 994 867 100 743 618 492 365 251 625 245 117 379 765 383
929
1 389 517 776 650 526 662 540 157 927 294 811 559 175 948 568 314 61 830 579 328 714 74 719 467 856 358 750 368 115 891 382
746
515 865 195 287
690
258 390 263 137 395 782 281 541 33 803 167 175 306 57 571 59 955 706 713 461 77 337 210 722 340 469 732 477 225 101 746 618 879 247 504 635 381 126
924
514 28 540 545 42 560 49 576 599 605 94 607 616 114 120 637 128 140 659 150 155 668 162 680 681 687 176 186 191 194 195 200 713 714 723 231 237 752 241 755 244 246 761 773 275 277 282 796 797 799 804 827 831 321 844 335 339 855 345 348 351 353 871 875 364 879 367 882 370 379 385 917 419 932 423 944 434 443 446 982 472 478 992 496
112
644 261 139 396 908 524 782 410 158 799 553 684 45 173 304 177 182 58 203 588 593 338 598 346 349 990 95 739 873 505 110 238 493 761 506 252
480
132 139 909 663 408 676 165 681 432 308 950 312 569 717 977 979 212 469 217 348 92 495 623
559
5 524 525 15 24 545 46 49 55 568 57 571 575 579 581 79 92 605 613 104 109 112 117 120 124 134 654 144 159 673 176 695 702 195 198 720 729 225 739 742 743 247 760 767 261 777 270 273 280 292 808 297 820 825 327 845 849 851 852 855 354 867 869 372 375 376 380 907 915 404 918 435 968 459 983 985 1000 496 498 506 511
2
771 901 138 11 652 522 394 911 536 793 26 667 923 413 802 420 678 424 301 687 688 176 179 186 452 581 198 329 716 334 84 982 726 984 729 218 91 479 352 607 866 233 748 113 633 243 244 373 758 759 632 249 251 765
821
533 556 46 568 569 59 62 78 82 83 91 606 613 615 618 622 629 636 641 133 136 658 159 672 161 163 176 688 180 699 188 194 201 203 207 735 229 746 247 248 266 781 783 276 790 793 281 798 801 297 822 310 823 827 829 832 833 835 326 843 844 337 849 346 859 864 370 884 891 389 393 915 917 408 921 419 934 940 946 955 460 981 469 985 986 993 506 508 511
932
898 770 516 5 130 904 651 524 269 404 788 408 409 922 282 284 28 542 671 288 799 155 934 557 942 175 48 305 947 695 56 186 573 446 317 704 833 837 453 967 330 586 204 461 207 976 719 595 84 212 218 604 479 481 482 866 99 229 98 231 616 361 489 617 110 111 762 379 253 127
276
385 259 391 393 649 138 397 909 13 784 913 399 275 655 22 791 410 925 159 672 801 674 543 931 163 168 426 44 685 819 947 437 309 824 705 837 328 457 840 717 590 205 336 975 467 723 853 214 600 603 477 733 863 992 861 482 744 233 365 112 241 369 637
60
512 513 134 646 7 524 781 915 147 149 24 920 25 155 284 798 927 415 936 41 681 810 45 686 430 177 310 956 445 958 701 327 841 465 722 209 340 981 727 88 219 859 95 352 227 868 229 486 103 612 489 611 107 748 508 101 632 376 506 124 638
376
256 768 642 4 133 136 9 905 140 12 654 143 658 402 530 918 25 410 155 28 795 544 423 935 425 46 49 435 693 565 55 951 183 314 825 444 61 62 439 66 451 708 74 843 589 465 84 728 984 347 348 92 221 989 860 477 349 354 612 997 122 103 875 237 494 623 496 754 757 501 890 506 894
656
131 404 664 666 286 158 672 546 674 930 37 677 551 680 169 46 303 944 945 946 564 181 439 574 68 966 970 332 464 596 605 478 735 96 479 226 741 102 999 491 619 750 622 369 244 758 759 504 382
576
192 865 929 328 811 817 242 404 470 503 155 894
563
4 517 520 16 528 19 36 39 551 52 58 574 64 582 72 593 84 91 92 603 101 103 112 629 123 127 645 135 651 156 699 188 189 194 710 716 719 725 213 215 214 222 237 752 242 248 250 254 773 265 278 281 794 286 798 802 295 808 305 824 313 828 830 329 841 843 336 343 370 884 383 387 914 402 920 922 417 930 937 943 434 438 440 444 448 964 968 977 467 981 473 988 995 493 508 510
263
129 2 132 138 13 657 28 163 553 172 433 441 841 76 607 368 116 376 379
615
481 804 679 391 847 336 209 917 89 220
214
257 129 388 132 389 522 524 653 275 661 151 155 669 542 413 800 670 674 419 811 685 50 435 308 821 54 694 566 949 443 316 445 317 967 713 329 336 466 724 598 599 214 119 889 987 861 94 863 608 992 482 610 995 996 994 631 744 745 874 364 496 243 245 629 886 505 509
207
129 900 389 262 904 11 779 782 911 655 23 794 157 292 37 932 428 50 54 310 56 452 711 968 456 715 590 591 976 851 595 853 475 96 355 235 236 237 622 363 368 501 757 117 506 507 765 639
900
512 514 4 6 9 16 543 40 555 557 46 560 53 565 67 597 90 93 94 101 623 631 132 133 646 138 652 146 664 152 671 168 693 694 187 702 194 195 202 216 732 222 741 746 244 768 785 277 790 797 801 292 806 299 307 819 821 314 315 827 826 322 834 838 335 341 351 353 362 881 369 883 884 885 894 386 391 394 911 402 916 924 942 944 434 435 439 956 957 455 456 458 464 976 483
722
131 644 134 903 776 264 522 12 524 767 407 794 667 29 670 800 288 293 551 937 947 693 694 314 954 60 188 707 708 198 208 340 86 600 347 604 860 990 611 739 869 236 238 111 760 372 757 504 639
345
768 387 131 776 393 649 269 786 149 278 791 920 535 666 667 918 31 288 293 295 683 814 432 689 694 449 578 205 721 210 87 472 91 739 101 999 872 616 619 236 622 375 121
408
512 768 524 911 144 400 272 916 21 917 793 27 669 414 801 161 292 37 169 425 556 813 303 816 687 562 694 183 825 188 189 959 323 579 329 82 466 341 471 473 602 220 351 610 739 614 871 104 619 243 117 503 506 255
42
385 898 516 389 262 517 267 779 523 910 911 651 907 537 27 923 159 802 932 164 422 44 946 820 438 187 702 575 190 959 322 577 327 71 852 349 477 611 99 739 498 120 764 126 255
797
608 801 898 550 199 780 15 111 431 980 885 793 948 601 797
514
128 384 774 143 400 786 660 925 285 159 160 32 927 556 432 306 568 444 834 451 710 72 969 845 206 340 212 470 343 726 468 350 96 742 108 877 493 251 885 248 379 254
609
385 642 770 261 776 393 779 652 909 273 274 916 21 279 281 155 541 415 161 291 164 805 679 552 426 683 684 940 812 557 435 438 695 445 574 449 582 583 458 331 76 717 844 463 976 593 337 336 727 604 477 606 995 356 871 616 488 106 108 626 372
107
516 517 13 531 21 29 38 41 563 52 569 60 585 586 613 122 640 643 139 146 147 149 152 670 161 677 165 166 692 180 694 697 706 199 717 213 729 739 744 748 237 771 267 270 787 276 283 798 289 805 807 809 298 813 819 824 829 328 331 334 338 854 856 858 861 883 888 377 890 891 386 387 902 392 908 399 918 416 932 422 939 429 438 952 441 442 965 967 457 972 979 982 471 490 492 497
271
772 391 137 907 140 527 918 151 284 290 932 679 809 41 682 690 694 698 701 581 712 842 844 846 724 470 86 729 95 999 617 362
473
4 5 531 21 24 536 563 564 54 568 575 586 591 89 603 606 99 613 616 107 620 121 647 141 157 674 164 169 171 687 694 188 192 194 197 199 201 202 211 212 228 744 753 757 761 764 260 775 789 282 797 798 812 813 818 306 822 313 318 833 327 331 333 341 866 868 871 873 376 383 384 906 394 923 925 938 942 946 948 437 960 975 463 477 990 486 1000 507
403
2 35 552 49 50 53 61 62 72 73 74 592 593 613 619 128 133 142 147 664 666 673 166 174 688 691 184 189 705 719 213 218 220 741 743 232 231 750 239 244 257 772 785 277 790 279 283 798 809 812 814 309 822 315 830 321 326 839 329 330 846 848 340 348 863 355 358 369 372 384 906 914 404 406 408 422 428 429 941 440 451 462 978 982 475 476 996 485 487 498 501
718
129 643 518 647 392 268 781 270 914 146 534 280 665 921 542 288 800 34 672 544 421 803 936 297 810 305 945 181 695 183 57 831 191 577 321 323 68 197 711 584 843 210 212 469 346 605 478 349 739 101 998 231 872 489 874 364 494 498 116 373 248 762 895
477
256 769 516 646 139 784 273 661 790 21 28 160 810 428 940 817 563 54 574 191 703 577 451 707 197 841 970 845 207 349 98 740 615 233 750 888
702
641 387 5 264 9 525 530 150 665 284 797 157 416 290 34 420 169 811 45 175 304 562 818 436 566 956 317 830 63 448 192 962 835 961 965 70 198 584 839 842 331 460 587 334 210 341 983 959 858 730 476 478 992 224 482 614 743 361 364 237 109 879 115 371 885 886 631 888 889 891 895
358
900 262 136 141 530 920 153 666 27 538 929 546 803 291 293 167 169 426 49 441 191 449 68 202 330 598 344 856 728 994 997 870 488 873 105 238 496 506 372 374 759 634 127
245
2 515 648 784 792 409 666 669 799 545 418 292 812 44 55 827 573 707 579 965 966 963 841 470 602 229 230 997 754 243 375 252 125 382 383
911
512 525 526 22 544 34 548 556 559 560 50 54 570 574 597 89 97 610 612 613 101 103 629 122 124 125 644 664 165 677 169 685 178 695 696 189 702 710 198 729 221 735 749 242 243 250 255 779 787 797 805 818 307 311 318 320 323 839 845 337 862 372 887 889 380 382 389 395 400 403 919 926 415 416 944 951 440 444 959 960 452 464 473 476 989 484 996 491 499 505 511
533
128 5 510 518 137 907 269 657 273 659 276 789 895 410 26 924 413 30 672 416 677 425 938 299 554 685 682 47 559 945 825 190 959 324 198 585 73 586 969 202 843 713 721 594 84 342 982 855 346 475 476 734 224 608 740 871 1000 999 362 747 872 363 505 744 633 497 881 120 761 892 638 639
35
136 137 278 918 664 281 538 286 289 930 164 422 166 38 942 943 703 575 453 69 74 462 213 473 858 605 353 997 494 366 628 890
7
768 257 770 259 4 256 900 132 8 395 652 779 12 15 531 19 287 288 676 677 808 553 42 171 556 302 305 696 316 446 193 835 324 838 199 716 205 850 726 215 473 860 477 988 482 483 122 746 107 363 878 623 624 625 628 378 764
99
386 275 915 280 410 541 285 42 811 556 943 947 951 447 704 833 707 581 201 74 586 972 973 851 858 346 221 862 354 102 114 120
101
8 10 11 18 19 23 26 542 37 49 54 572 64 85 599 91 609 100 617 620 111 638 129 135 143 657 659 661 666 156 668 162 175 180 184 211 723 735 739 231 748 244 762 255 257 263 268 270 786 276 789 278 792 793 804 806 295 297 298 817 313 323 840 850 339 858 865 868 360 367 373 379 380 896 389 924 412 418 932 940 945 947 437 439 962 966 967 972 976 985 992 997 492 495 498
88
963 196 709 838 839 360 555 779 783 945 370 465 539 507
41
898 356 678 45 973 495 465 401 151 409
85
770 387 905 393 662 406 543 420 424 555 815 176 54 568 58 451 835 200 203 588 851 476 353 484 748 237 496 241 244 757 122 380
255
514 483 132 195 419 487 60 79 81 628 155 156
29
248 349 438 975
430
514 133 391 520 142 657 274 914 916 536 540 671 543 932 680 937 172 815 689 50 436 694 953 570 697 573 958 62 959 833 834 963 577 709 325 327 716 332 974 335 972 209 465 977 469 609 482 866 738 361 876 626 757 248 762 763
454
515 7 8 11 527 19 22 28 541 33 36 39 52 66 584 74 75 595 87 95 610 135 137 652 141 142 658 659 674 675 172 699 191 193 201 721 725 729 733 228 759 247 775 780 273 786 793 288 801 802 298 300 822 312 824 314 319 833 323 836 325 841 331 335 336 855 356 358 874 366 368 884 373 888 389 393 398 402 413 418 933 421 429 440 953 974 980 474 476 479 996 997 495
825
133 421 199 430 336 497 82 315 723 341 984 313 570 763 828 415
955
641 899 262 665 922 541 802 932 165 305 307 694 579 710 337 989 223 865 868 486 236 241 248
508
736 769 386 36 485 966 796 808 650 813 820 85 500 28 765 286
268
514 134 137 651 537 538 930 934 172 305 818 54 966 724 217 739 998 235 366 510
895
515 529 882 19
108
621
898
128 647 656 24 153 282 410 161 933 299 45 307 438 313 318 322 198 583 844 589 974 207 592 205 597 983 473 480 353 866 868 741 875 879 758 759 121
756
128 257 133 518 262 777 653 271 913 277 536 412 797 924 803 682 427 171 299 174 813 176 49 50 426 180 949 175 57 443 706 835 69 454 967 330 586 842 590 80 978 339 850 87 472 730 91 860 218 375 609 226 102 744 234 747 236 621 880 883 759 250 125
810
515 901 8 520 799 929 36 164 933 167 679 939 173 436 181 197 332 592 595 471 343 601 475 222 351 878 635
984
8 521 526 532 22 549 554 43 44 47 51 574 62 69 584 596 603 94 107 629 127 644 138 142 143 662 150 664 665 154 666 157 168 696 702 191 193 199 200 202 209 724 725 732 734 740 741 233 748 760 251 769 770 774 268 278 815 344 861 862 863 351 868 366 884 885 886 378 383 384 390 400 408 936 937 427 941 943 945 955 957 452 466 496
290
448 732 615 684 145 690 980 312 666 668 958 415
837
512 643 805 172 558 435 566 699 956 317 62 576 449 577 580 332 846 207 610 99 739 997 104 874 880 756
345
641 393 651 782 403 788 277 150 671 32 679 552 42 46 946 52 820 438 698 827 954 829 62 447 319 826 703 707 719 593 210 596 981 91 348 735 865 995 613 104 873 105 107 620 631 505
512
640 514 259 134 135 393 11 269 654 402 147 661 408 666 539 922 668 286 928 289 674 804 422 167 936 550 42 171 556 173 940 306 181 438 311 440 314 315 61 830 580 74 714 716 845 977 850 855 476 732 734 737 225 738 996 229 486 357 610 233 234 874 621 365 239 495 881 498 120 250 891 765 890 383
990
608 737 38 1000 201 500 85 504 697
799
2 143 146 533 279 919 921 282 411 670 928 164 165 549 41 683 303 435 54 952 953 827 59 830 574 833 835 964 963 452 457 329 713 201 74 591 721 209 595 729 91 614 377 235 623 752 881 375 376 249
516
128 770 131 2 389 774 134 8 521 10 523 392 645 526 143 400 401 398 145 20 533 149 386 791 665 26 668 414 36 420 554 939 686 815 316 445 575 448 704 450 576 196 319 582 71 200 201 716 77 846 847 462 591 723 340 980 468 856 984 217 90 736 357 101 873 621 622 109 752 112 242 502 376 506 508 766
740
257 130 390 520 780 398 271 655 785 912 661 408 281 413 673 165 422 939 811 301 559 178 438 439 952 314 317 318 446 580 328 713 594 345 223 352 103 106 107 109 503 504 634
95
384 769 899 260 133 776 521 264 654 144 915 20 789 276 23 792 665 282 663 668 283 801 547 934 167 296 938 684 813 816 50 692 824 825 954 571 698 827 318 952 578 197 325 460 205 975 719 593 209 979 724 341 856 89 93 94 989 992 352 866 485 997 103 358 362 251 369 498 244 885 117 121 762 635 895
82
131 891 261 396 144 657 913 151 793 283 541 33 161 803 932 165 810 555 942 945 196 581 329 77 977 466 212 225 998 239 376 635 124
365
768 256 399 271 785 21 533 922 923 287 34 807 40 431 433 691 564 947 950 51 56 190 318 832 324 69 840 715 716 335 336 593 851 468 83 472 728 345 477 990 223 483 996 997 102 100 612 617 615 363 870 111 627 756 372 502 375 886 765
677
6 7 8 19 531 25 27 540 31 551 49 53 56 64 581 586 587 590 598 599 89 105 112 116 629 638 646 135 654 664 666 157 167 170 172 688 691 701 712 204 217 741 749 241 252 260 265 271 789 281 286 292 293 808 310 823 828 831 832 326 842 860 861 862 350 864 355 885 887 890 383 391 903 397 398 410 411 928 941 942 948 949 950 450 470 982 986 987 486 999 500
913
899 772 524 142 401 787 659 546 165 178 696 569 832 577 973 850 466 727 228 100 998 489 745 382
226
642 645 10 907 781 530 276 405 668 34 37 425 555 692 443 707 198 458 843 460 722 984 733 224 609 872 874 876 239 633 765 383
280
514 520 14 531 19 553 559 564 54 59 61 85 601 91 100 104 105 624 626 640 641 131 133 646 139 144 145 656 666 156 168 180 710 200 204 211 220 240 755 756 768 774 776 781 789 278 284 803 294 826 317 829 831 318 321 325 333 861 351 873 367 882 888 381 894 901 917 939 430 955 958 967 456 971 979 984 1000 489 492 504
894
129 514 899 390 522 399 147 915 157 32 417 675 804 935 939 948 567 312 184 824 187 318 449 837 199 205 208 209 340 88 476 223 366 239 495 375 121 254
799
256 900 9 907 917 918 21 22 790 27 933 166 554 684 301 558 303 816 180 566 313 320 322 450 965 710 967 329 843 715 717 204 77 208 466 467 247 988 605 606 735 991 355 484 998 234 367 506 755 628 634 759 888 762 383
507
3 131 645 901 260 389 265 776 524 781 910 527 403 404 278 151 539 37 934 297 300 815 176 53 829 317 325 327 203 462 468 213 219 860 861 226 619 109 622 112 880 500 760 762 895
845
768 897 2 643 516 384 260 6 264 657 148 916 541 32 421 304 820 693 822 565 314 189 445 575 832 446 450 579 456 72 341 342 601 225 101 485 749 370 883 758 503 124 638
628
576 321 33 391 839 937 654 430 272 49 658 403 627 86 473 666 763
914
193 2 900 965 488 746 682 812 205 670 975 203 853 150 664 94 861 126
552
516 8 15 20 25 545 35 46 47 62 68 76 78 598 89 604 94 96 609 119 632 133 135 650 145 660 150 151 167 686 175 176 690 181 187 708 198 218 733 739 744 745 233 245 758 247 760 246 762 764 771 781 288 803 807 811 829 830 831 323 837 326 840 844 847 338 855 857 858 871 877 365 369 885 375 384 896 391 400 402 406 413 424 436 954 966 463 976 979 981 473 989 994 996 998 488 501 511
656
320 514 162 643 5 518 487 772 492 626 338 20 278 215 858 188
717
646 7 904 658 402 789 278 920 793 538 667 31 32 289 547 549 296 297 303 305 949 697 313 957 446 959 319 577 962 69 329 79 337 82 467 723 88 346 219 93 737 485 613 870 744 233 491 241 115 884 376 889 763
80
778 529 18 785 657 661 280 667 422 295 553 555 431 58 699 316 444 574 831 191 970 715 331 461 459 81 853 726 868 741 359 876 240 501 629 761
978
643 517 261 775 263 649 773 139 780 523 655 16 145 785 400 532 533 919 663 288 544 931 550 40 937 939 176 305 818 50 694 438 826 699 701 62 447 961 579 712 975 208 592 850 338 468 213 721 215 346 604 352 865 225 355 228 996 230 740 488 359 486 616 877 622 366 243 248 506 508
464
768 384 130 770 644 646 135 264 520 10 777 140 394 654 521 273 276 789 22 409 543 800 545 289 548 936 426 172 685 303 304 818 563 564 947 436 693 313 570 832 705 578 67 840 585 459 716 587 333 721 209 337 341 217 346 859 989 350 479 606 737 228 229 356 873 875 494 110 753 630 247 506 125
411
808 810 587 781 977 787 503 698 635 893
278
256 509 131 132 388 765 274 278 23 921 156 30 290 931 37 933 168 553 938 940 172 685 944 49 949 438 440 698 315 442 829 320 577 961 322 965 326 711 839 200 77 335 208 465 854 342 344 602 475 603 990 863 351 609 98 483 99 741 102 746 747 618 110 111 880 882 756 631 888 123 637
403
388 453 748 974 175 53 761 733
80
516 5 263 8 393 9 765 652 264 905 782 648 783 521 143 20 150 539 31 35 940 689 305 307 564 56 953 700 961 837 328 76 461 974 591 972 465 978 594 725 982 854 984 119 858 731 350 607 608 866 228 740 103 231 873 361 233 364 238 240 498 883 243 381 371 503 754 251 509
317
134 21 153 25 411 927 288 928 165 298 811 44 825 578 334 210 216 729 353 226 869 746 877 508
490
897 386 388 902 903 650 11 524 141 14 782 16 913 785 275 148 532 528 407 155 924 542 32 674 932 167 808 169 299 172 556 687 179 819 693 822 183 439 61 961 579 198 967 712 72 715 846 977 81 979 596 85 601 473 731 860 605 990 223 93 857 610 229 743 365 887 753 754 882 115 629 245 631 760 123 380
999
99 646 583 428 720 690 21 279 56 319
827
527 15 530 534 538 30 41 43 48 561 564 53 565 575 66 582 588 78 604 610 623 117 636 638 128 646 651 658 149 667 155 672 165 679 169 176 179 192 194 205 721 218 222 224 737 225 230 232 745 744 760 259 781 274 788 807 811 819 820 340 872 382 894 386 903 910 403 405 919 921 409 922 933 424 438 951 449 964 973 466 979 982 995 502
996
523 909 19 789 535 935 171 690 818 819 309 438 696 571 581 849 82 507 733 991 607 365 497 116 503 634 379 252 509 510
549
866 583 298 202 525 54 377 827 892 350
593
645 263 154 291 164 806 423 169 559 48 59 957 703 972 77 846 719 977 849 595 86 214 731 604 737 360 892
723
386 517 907 399 144 915 795 424 555 434 949 312 315 319 962 581 843 588 983 729 737 993 227 489 619 109 879 888 121
563
521 16 406 27 672 928 803 806 424 428 559 815 561 434 946 828 190 194 973 847 335 596 343 216 857 479 489 620 114 630 122
190
640 129 899 6 390 8 522 271 143 272 147 917 279 536 539 923 413 415 419 931 166 809 553 42 174 945 179 949 312 952 446 447 321 706 450 324 323 328 969 970 716 462 338 83 213 726 344 473 856 347 860 605 990 991 480 482 738 229 358 744 872 632 621 238 877 124 113 369 371 115 499 627 120 764 893 639
784
1 643 645 6 646 392 399 920 291 36 931 552 170 175 305 182 696 441 60 832 320 964 584 331 588 976 213 214 982 857 362 112 497 371 885 377 122 253
236
1 17 23 24 27 539 543 37 550 41 52 567 59 73 87 90 605 607 113 635 637 650 142 656 147 148 155 158 684 688 179 181 694 185 194 195 202 213 727 741 231 747 237 238 242 770 774 269 270 271 273 787 276 282 796 288 304 312 316 849 364 371 899 388 904 907 397 910 911 402 412 924 941 953 460 973 462 471 984 488 489 1000
376
643 260 519 777 397 398 784 405 928 428 64 75 331 335 986 92 98 870 623 628 506
411
130 644 772 8 658 274 407 27 668 798 287 428 429 685 559 439 61 449 323 837 199 458 75 332 80 81 848 981 472 985 861 225 228 619 622 368 242 758 765 255
258
513 514 12 27 42 54 570 60 573 65 67 580 584 587 589 594 83 90 603 609 610 612 613 614 104 110 625 631 122 641 137 650 651 659 161 675 683 689 178 699 188 189 702 192 193 709 202 216 225 739 229 233 238 754 765 272 294 305 822 311 310 834 324 344 345 858 865 874 365 374 887 379 897 385 387 912 924 417 437 953 966 457 970 975 466 983 985 987 482 497
290
641 4 270 272 400 917 277 665 537 671 545 34 674 676 421 290 551 553 809 557 430 45 179 180 950 440 196 966 202 459 205 719 722 980 468 214 855 86 473 857 218 348 225 867 870 232 872 109 367 760 755 756 759 376 893
750
256 901 133 7 136 267 779 652 22 150 409 43 557 693 54 184 699 318 710 586 719 208 851 219 733 865 481 99 996 609 357 489 750 507 249 251 765
943
514 4 12 15 530 539 541 544 548 45 564 60 61 66 582 583 87 96 612 106 115 119 121 123 140 144 145 669 170 694 697 701 705 710 199 201 212 223 735 227 241 245 767 769 770 778 280 808 297 301 302 835 332 845 848 850 340 344 351 359 360 886 894 896 391 904 911 913 405 413 929 943 439 964 454 976 465 995 492 506
952
10 527 23 25 26 30 543 559 560 52 55 56 61 575 67 90 92 93 96 622 625 130 131 645 134 653 149 151 152 681 173 694 183 700 195 708 211 732 226 740 749 248 256 775 265 268 782 784 786 277 789 792 798 288 800 805 808 816 305 306 316 317 318 831 832 830 862 357 362 366 885 937 441 956 449 973 461 988 989 481 494 510
117
258 130 516 518 651 908 269 11 655 273 659 916 148 795 413 798 799 415 290 931 166 936 170 686 433 564 54 313 442 443 58 446 837 838 840 74 588 466 981 469 857 94 357 101 104 873 746 237 239 116 886
320
128 899 260 901 263 648 780 141 142 399 144 401 529 274 404 916 278 917 24 921 410 155 926 928 545 674 165 805 425 42 817 307 564 694 311 55 194 324 69 709 458 460 206 720 209 978 726 599 857 474 349 94 864 96 868 613 232 872 235 877 878 238 239 366 114 622 116 115 501 121 890
218
896 515 387 5 518 263 264 906 907 267 270 143 148 533 534 419 420 421 38 423 938 939 940 174 431 688 177 433 562 819 310 953 185 575 64 834 580 198 967 969 78 847 849 210 344 217 730 602 604 349 985 226 871 488 491 622 115 244 245 246 759 885 894
641
3 10 13 15 532 540 548 40 54 74 592 84 603 614 626 631 119 634 638 643 134 144 149 153 160 675 676 677 167 169 682 170 681 691 692 695 185 186 189 200 717 211 212 725 216 225 748 238 754 258 771 262 788 794 288 289 808 296 815 307 309 823 312 313 315 827 843 848 339 857 866 361 875 371 375 892 893 386 906 418 930 423 936 430 943 448 971 465 468 991
184
646 9 523 270 15 912 146 278 663 154 540 669 797 543 928 30 668 550 423 936 681 47 820 310 828 191 959 578 963 197 711 456 457 71 715 462 591 80 857 218 221 223 608 485 873 876 109 365 881 754 627 885 502 629 118 127 255
427
1 530 540 542 543 554 43 555 48 50 52 56 570 60 64 66 590 601 98 100 612 108 109 626 116 118 134 146 668 669 163 166 690 698 197 202 727 215 730 731 732 232 745 236 257 262 774 269 270 797 302 308 319 320 833 840 332 333 852 343 350 371 890 394 932 944 436 950 967 456 973 974 464 984 988 991 994 494 504
605
778 652 140 659 148 792 26 922 669 930 425 810 43 297 943 690 692 700 316 702 962 840 585 842 713 977 723 728 472 602 220 479 609 101 745 874 876 237 882 377 764
321
514 516 7 8 10 12 22 25 28 550 570 60 578 72 584 85 86 606 110 631 121 132 645 138 158 675 164 163 678 681 173 175 176 195 711 723 231 234 752 765 254 769 263 264 798 799 802 806 810 815 816 829 830 831 322 835 326 842 336 338 871 872 360 363 368 371 883 891 896 904 906 907 396 398 400 401 919 414 421 944 445 960 962 965 966 461 468 473 475 485 1000 503
257
640 386 131 136 650 405 537 538 929 803 427 556 686 569 185 827 962 71 337 466 215 220 480 870 999 370 765 767
632
384 769 643 393 653 269 400 146 531 660 533 658 281 153 27 540 159 543 420 294 41 298 171 300 686 688 50 949 443 317 573 960 192 451 325 454 202 720 339 83 344 731 605 861 863 737 483 867 485 360 490 113 370 117 886 120 121 635 510
91
382 387 5 265 780 269 910 14 144 18 21 278 23 661 156 669 797 414 542 930 931 36 421 550 423 935 554 562 435 53 565 821 316 831 192 321 331 845 592 723 596 214 216 602 98 997 486 231 241 625 245 893 638
739
920 394
252
385 897 906 539 930 165 38 37 683 43 48 688 577 194 202 842 588 717 468 982 476 605 486 236 884 629 630 503 638
843
636 513 515 773 645 267 908 270 143 783 911 532 669 798 929 34 674 290 804 550 678 424 936 419 940 303 432 433 306 561 309 565 951 189 496 369 322 68 69 198 455 77 975 336 977 721 463 471 343 473 859 988 94 607 248 996 357 358 872 105 250 108 878 752 624 633 243 500 627 118 758 625 761 122 116 124
390
229 38 841 10 236 429 460 815 944 848 626 122 571 478
189
418 870 488 50 311 606
607
4 521 538 540 33 36 38 46 571 577 66 579 70 582 75 82 599 600 606 612 101 107 624 122 127 639 130 136 144 659 674 679 684 691 700 701 703 713 715 718 211 212 726 727 729 735 225 745 234 747 235 754 757 759 766 270 271 786 787 788 279 811 301 302 303 305 820 312 852 346 361 877 879 370 897 387 392 919 922 930 424 433 444 963 974 475 479 482 999 489 502
616
896 1 130 518 6 139 267 13 269 400 530 917 790 535 791 159 673 162 931 34 811 942 304 944 53 55 697 958 830 321 707 709 966 201 587 80 721 720 84 475 219 607 99 996 741 235 109 366 242 116 502 887 120 506 895
6
1 777 778 269 270 912 795 800 673 675 163 165 676 805 559 945 947 819 438 826 58 442 190 196 583 72 204 461 84 980 473 988 990 94 480 97 489 234 619 494 368 500 757 375 504 249 634 510
139
517 519 520 392 142 656 145 535 411 412 285 415 290 554 942 47 560 49 731 440 698 699 573 574 323 452 580 966 71 72 585 842 330 76 589 976 979 725 215 216 473 346 90 860 858 350 479 863 865 989 481 356 228 864 871 489 238 367 753 371 628 884 886 633 764
843
770 260 775 136 266 908 142 145 149 538 155 283 924 414 288 417 802 929 294 43 683 812 174 814 816 690 54 822 56 697 313 824 314 55 703 959 447 449 198 968 73 460 719 720 593 850 465 724 217 730 475 860 222 995 359 881 243 628 373 761 637 894
361
385 129 5 652 12 25 794 674 419 165 295 299 686 564 701 197 454 71 203 850 610 741
429
643 132 517 145 274 402 149 280 156 544 35 38 295 680 424 554 297 426 692 693 822 60 702 191 835 459 204 985 858 477 478 991 97 617 623 243 501 759 894
516
512 899 131 265 907 268 783 402 915 150 663 664 537 151 539 157 30 34 546 292 552 940 175 690 562 438 185 57 570 828 317 318 703 67 707 452 838 328 585 203 207 847 467 468 725 214 983 88 89 472 600 92 733 350 735 216 353 867 126 484 106 493 366 878 494 237 381 883 245 758 759 634 507 253 638 255
108
512 641 899 132 255 390 6 650 779 397 639 17 662 663 792 158 418 931 36 293 549 807 808 802 810 302 687 561 311 571 197 710 846 79 80 214 228 486 877 494 109 240 502 377 379 383
770
516 297 780 205 925 819 149 246 731 477 191
235
257 641 902 520 264 523 141 781 399 531 278 662 793 26 668 671 545 294 40 810 300 814 559 432 48 179 57 188 445 448 70 199 76 721 466 338 597 89 474 349 222 224 865 227 999 232 873 746 616 366 367 241 630 119 120 633 253 126
271
259 772 901 904 776 139 784 529 17 787 791 24 25 154 407 411 415 161 802 163 675 426 812 302 438 183 953 955 572 189 60 447 66 579 581 71 969 457 973 463 977 82 471 858 987 476 734 606 864 225 737 227 485 613 488 106 887 637 382 127
200
260 518 391 774 778 275 148 789 917 663 24 404 666 28 414 927 544 294 167 298 691 950 315 64 961 194 704 708 583 714 75 843 209 601 357 102 743 231 873 635 365 495 883 373 119 379 252
262
649
803
515 524 530 30 543 544 34 46 55 62 69 581 592 85 89 614 619 627 125 128 646 138 655 657 145 158 676 687 690 192 711 717 719 211 728 226 739 228 747 748 750 240 757 759 248 247 766 768 263 264 775 276 280 281 282 799 289 306 323 331 845 848 344 345 869 871 878 379 898 903 395 919 410 413 414 937 431 447 449 962 970 464 475 476 480 1000 490 509
66
512 649 522 13 785 402 147 918 663 152 158 418 294 680 942 303 948 436 441 192 448 716 465 472 475 875 755 375 638
359
4 10 11 531 532 22 535 540 541 545 36 550 553 41 554 58 72 589 84 607 98 619 620 114 629 132 136 653 670 160 676 165 166 704 194 197 203 717 722 213 217 220 742 234 238 239 245 254 774 775 274 806 810 300 816 305 313 315 830 834 324 848 336 341 857 347 350 866 358 359 365 879 880 369 376 381 382 392 907 399 920 948 951 459 983 473 990 992 481 504
211
512 142 654 537 26 679 944 438 311 184 441 701 718 101 489 622 115 764 253 639
145
473 413 902 279
605
649 529 659 20 920 540 926 164 943 309 693 313 314 322 843 218 604 222 485 743
800
768 388 646 904 905 138 651 780 401 785 787 276 277 919 794 795 540 29 28 287 928 33 423 295 680 683 812 945 947 949 822 698 827 61 704 321 320 710 841 202 843 332 971 79 720 726 87 600 90 988 479 609 481 739 868 871 881 884 373 500 247 633 762 380 639
236
400 529 146 784 533 664 24 669 799 673 420 164 549 551 424 558 946 179 309 959 579 580 198 455 205 593 595 84 214 217 986 858 729 477 861 735 864 224 734 612 998 102 488 635 490 235 876 871 745 239 111 753 626 755 249 378 891 766
901
519 522 15 16 531 535 29 30 41 556 579 593 94 96 615 106 112 630 655 144 663 152 161 168 684 186 706 194 208 721 218 736 737 228 753 241 251 252 766 256 269 783 273 274 794 286 287 289 801 808 306 311 316 317 320 342 345 872 364 893 895 898 391 917 921 925 926 414 930 943 438 965 976 472 473 478 483 494 498
293
578 295 456 905 397 622 687 753 498 245 823 632 283 220 894
653
518 521 529 21 535 537 543 36 39 560 566 568 61 577 585 93 100 101 102 103 616 113 625 119 131 133 138 159 165 680 684 691 193 194 202 722 212 726 217 223 735 225 748 236 753 242 246 761 252 771 261 262 263 265 276 807 297 300 822 823 838 852 854 359 874 884 375 887 897 387 903 392 908 404 427 942 431 947 953 449 964 462 991 997 490 494 503 511
480
513 3 900 390 903 906 266 267 398 783 399 782 270 278 664 792 154 27 669 415 544 164 38 806 39 681 685 302 46 943 561 177 814 560 693 822 439 948 954 699 188 190 450 836 964 453 587 460 975 720 339 84 595 599 984 987 863 480 994 484 869 488 233 490 236 110 368 496 754 499 116 114 886
476
3 9 547 41 45 558 567 568 587 83 85 87 109 116 126 128 645 646 653 143 663 665 160 163 164 685 686 691 184 186 192 709 715 719 211 214 227 236 763 766 769 262 263 789 281 797 801 803 804 810 813 824 830 324 843 844 340 342 375 899 391 392 395 400 401 913 917 407 408 925 416 423 433 948 445 958 460 462 464 476 491 496
884
11 141 269 146 923 415 39 815 178 307 567 442 572 962 708 592 210 979 725 603 732 608 483 490 750 241 117 508 509
957
516 5 524 531 20 21 536 28 38 554 556 49 52 56 57 580 595 601 90 604 103 132 667 677 171 174 687 695 717 718 721 726 221 223 737 746 234 236 242 767 784 788 793 794 293 816 817 818 834 847 338 854 345 346 348 872 391 913 926 927 928 930 935 433 950 952 966 973 464 983 990 998 999 490 491 505 508
76
513 131 390 775 15 528 400 786 19 788 660 916 664 536 923 30 165 166 807 809 941 945 562 819 311 440 441 60 831 959 449 833 581 837 718 467 980 983 350 611 228 612 232 621 884 377 506 251 252
927
1 2 6 26 539 29 548 37 38 554 555 574 62 65 66 579 68 580 581 583 73 590 92 96 609 614 622 626 122 136 649 650 140 653 657 658 671 175 696 701 709 199 206 217 730 731 732 225 226 234 756 245 757 761 762 253 772 265 269 786 793 799 291 804 803 820 313 827 325 330 332 854 859 365 884 376 890 895 389 914 402 415 416 417 930 927 427 435 952 451 999 493 502 510
369
896 771 6 265 521 397 145 659 404 660 790 407 918 406 795 796 413 928 929 545 675 932 551 296 809 939 299 173 174 177 179 694 313 956 188 574 702 960 958 322 454 330 75 973 718 335 592 85 598 217 859 92 987 990 223 734 98 482 868 230 743 616 873 103 363 749 638 255
672
257 770 641 900 523 12 275 32 288 305 565 63 199 583 455 465 468 984 218 222 223 871 120
594
640 901 396 141 783 19 21 533 412 30 800 675 932 551 552 424 938 301 50 179 823 55 571 837 712 460 845 77 721 84 601 730 737 866 225 998 489 748 620 110 372 757 122 892 383
249
272 660 405 276 151 536 162 803 550 424 684 689 434 55 964 332 847 729 879 112 243 889 125
839
515 4 520 523 527 16 536 538 28 542 555 568 68 72 587 77 592 595 83 86 599 602 94 624 120 128 656 687 693 199 712 719 720 207 212 244 246 252 254 772 775 267 790 278 299 305 819 310 827 316 318 331 844 335 849 339 340 854 354 870 371 886 378 890 893 896 391 392 906 406 409 927 933 936 427 941 433 447 473 986 988 476 482 486 496
482
742 199 360 635 187 686 411 213 407 56 571 862
771
128 769 258 129 770 131 522 272 657 665 282 538 795 545 674 675 166 551 167 426 171 556 172 817 178 306 181 56 569 954 187 189 834 196 838 967 456 455 583 460 205 720 851 726 473 857 987 476 994 226 482 354 744 232 745 233 110 369 370 375 254 127
895
521 908 526 15 401 661 30 426 813 180 53 318 961 458 847 340 219 351 993 740 763
101
136 266 781 527 144 23 536 795 30 287 419 39 553 171 556 819 692 820 54 313 57 441 706 195 325 581 839 200 585 330 333 592 212 85 724 347 350 606 865 98 996 999 749 751 499 119 889 122
587
896 641 131 260 389 5 135 775 137 395 141 639 403 20 789 922 923 29 926 35 548 553 682 42 303 432 563 948 951 567 441 61 832 705 837 197 712 329 73 203 971 462 463 208 464 978 722 210 214 470 88 601 730 222 991 608 98 994 100 738 744 109 368 626 883 244 245 631 378 892 893 638 255
968
778 522 652 401 914 403 662 22 279 410 283 159 296 169 810 170 46 817 437 950 59 188 317 955 199 969 972 589 78 719 335 209 978 339 466 853 473 858 729 603 736 738 354 229 1000 872 746 748 625 633 637
128
256 1 130 129 385 902 7 135 8 778 906 268 527 655 277 536 288 291 422 39 297 946 694 311 569 831 65 706 963 965 966 453 712 969 203 462 591 592 981 598 224 98 229 101 103 489 495 623 498 115 372 381 247 892 765
365
2 17 532 32 34 557 563 568 573 586 94 105 622 625 627 119 639 140 152 677 167 171 181 702 711 201 203 716 738 749 753 248 251 253 262 777 779 277 292 806 812 306 818 335 850 339 851 855 857 862 352 865 876 888 384 387 901 396 912 914 919 926 934 429 942 943 955 453 458 461 978 979 983 988 989 993 485 998 498 501 505
940
644 649 138 921 155 162 803 419 807 175 311 568 575 841 83 482 996 750 367 371 377
17
4 530 532 548 554 556 48 51 62 577 68 588 589 599 603 93 623 112 114 628 629 117 630 633 636 644 646 137 669 161 675 164 677 676 170 177 185 188 192 710 200 734 742 232 234 749 241 249 253 771 778 784 785 274 277 278 806 301 302 303 821 329 855 856 350 864 868 889 379 381 386 898 393 395 917 920 924 413 415 928 417 416 942 432 945 952 441 442 955 956 958 960 460 981 982 472 481 509
872
768 266 10 16 912 146 23 664 799 160 289 546 679 40 425 937 303 948 822 442 826 964 839 584 203 721 850 724 228 100 102 358 236 632 763 895
686
3 525 535 24 28 547 549 50 52 570 63 68 77 593 84 605 96 608 620 627 636 126 645 135 138 140 144 150 152 154 155 156 671 162 678 173 687 179 693 210 212 725 732 245 250 770 273 287 289 294 301 820 821 829 836 839 842 847 358 367 881 884 383 391 397 405 917 921 416 941 949 439 956 962 459 980 474 988
419
516 15 529 25 39 560 54 56 61 74 587 589 91 97 611 101 113 627 632 633 634 133 145 147 668 675 175 689 690 702 703 710 198 214 220 228 232 235 756 247 768 779 268 300 308 316 318 831 325 850 350 360 883 885 375 901 902 905 911 921 422 946 950 953 441 442 955 452 455 969 459 463 975 978 981 476 994 1000 511
561
513 517 8 525 533 24 542 40 52 57 571 575 588 590 94 100 626 123 637 639 650 652 145 657 663 664 665 667 162 675 177 197 716 208 721 720 724 725 732 221 226 748 751 241 754 761 256 259 275 788 295 306 310 824 316 323 840 330 334 866 357 359 363 368 369 881 371 378 907 407 415 934 429 943 945 946 435 436 437 443 445 466 476 990 493 494 504
938
642 259 261 391 522 395 267 779 783 663 407 535 794 279 157 797 669 288 420 808 809 42 557 563 692 566 694 569 314 187 573 958 701 576 450 323 580 837 196 71 588 589 336 338 594 341 725 860 478 223 873 105 236 239 379 501 507 508 253 127
834
258 777 394 142 917 662 920 546 290 424 51 436 950 55 186 826 324 969 844 720 850 851 597 213 983 343 860 605 739 228 102 366 499 886 378 635 638
566
256 257 899 3 901 510 905 11 141 270 527 784 659 668 30 799 290 804 549 932 548 36 809 421 43 300 937 558 303 49 562 819 820 181 182 692 54 313 697 307 446 960 706 965 198 330 588 422 462 593 465 722 212 343 215 348 353 739 867 483 487 104 750 496 625 379 116 884 375 891 766
407
513 518 650 907 140 396 781 143 17 786 916 789 532 406 923 412 540 670 285 160 28 34 550 679 810 299 683 45 47 818 950 313 58 956 960 195 69 969 970 205 718 337 853 854 731 220 990 735 351 609 993 99 610 227 358 618 109 239 879 369 498 243 368 373 886 758 120 633 757 382
32
967 298 587 112 601 511
905
131 261 134 904 265 11 17 787 916 663 922 923 28 803 35 291 166 295 811 559 689 691 55 951 442 315 316 830 319 323 199 721 215 729 985 352 742 615 361 362 748 494 880 624 881 884 886 376 121 250 381 127
686
770 899 3 387 518 771 2 779 780 523 14 16 402 405 278 791 792 279 406 795 28 670 415 160 418 421 681 170 174 560 304 690 692 821 564 952 954 570 64 321 195 836 714 458 587 719 465 340 342 599 986 987 347 221 608 864 482 740 484 616 503 505 507 892 511
643
260 133 135 776 142 271 398 532 534 150 24 409 924 797 415 673 428 940 53 312 315 572 576 195 453 327 967 201 461 462 845 84 728 350 351 608 224 611 996 100 102 103 872 617 364 238 366 496 883 119 505 250 638
170
130 898 902 393 779 782 910 529 402 147 791 153 409 284 285 412 671 31 545 796 159 932 165 429 558 687 944 560 559 179 565 55 825 442 570 314 191 320 447 193 832 708 452 836 63 969 74 713 460 717 974 459 336 848 457 851 341 726 86 868 357 356 742 488 100 363 236 621 367 113 499 887 633
895
386 99 612 807 829 619 781 525 495 979 628 568 505 637 670
569
513 2 520 528 536 538 539 29 552 567 568 575 581 72 598 96 97 609 102 617 118 637 644 133 649 139 654 657 145 666 164 681 171 178 179 698 705 711 212 739 740 229 236 750 755 757 759 266 270 271 784 783 276 791 794 289 295 811 310 823 312 314 315 827 831 841 849 859 348 861 347 873 371 386 387 908 396 918 920 923 414 416 931 421 937 427 429 962 456 458 976 983 472 988 995
167
3 515 521 524 556 563 57 585 73 591 599 92 611 613 106 109 110 633 125 127 133 648 652 151 159 673 170 214 216 728 743 237 248 761 254 257 769 772 777 788 797 291 806 294 811 303 313 321 326 841 843 344 856 360 884 887 383 387 389 903 400 914 407 409 922 414 929 930 932 952 954 445 965 466 484 485 497 498 500 503 504
531
10 522 531 538 28 30 33 547 549 39 551 558 560 55 568 98 613 118 120 125 638 139 654 146 661 667 155 673 686 178 692 186 704 707 716 727 218 732 739 750 253 770 261 779 270 786 284 796 287 806 295 297 302 304 310 825 323 838 337 855 349 888 384 389 904 913 405 406 918 921 932 933 936 939 940 941 427 947 949 952 454 468 471 474 987 475 488
317
512 518 391 8 647 138 397 142 911 15 17 275 789 150 539 798 928 419 677 38 810 46 47 48 944 436 820 695 696 955 60 571 574 65 66 452 837 457 846 334 81 978 467 465 341 85 984 89 92 607 225 740 229 103 360 123 109 751 240 370 755 379 763 253 639
144
640 772 654 19 929 673 297 681 822 566 574 71 711 457 78 207 976 848 210 853 217 224 998 359 230 233 746 621 882 243 376 122 639
519
640 129 509 771 521 778 138 268 269 18 147 404 659 21 24 409 538 667 31 416 672 166 167 936 41 938 427 307 820 819 186 955 60 575 192 196 200 714 330 719 79 977 847 213 214 857 91 481 225 611 994 870 108 750 879 752 760 626 498 372 759 504 378 251 637 382
785
352 962 963 964 675 383 40 296 265 940 909 141 303 212 280 665 863
416
258 133 390 777 784 922 411 923 800 932 297 299 300 557 438 312 440 316 81 853 726 95 225 486 367 116 757 636 509
44
512 641 385 3 640 6 520 17 145 147 532 274 790 535 536 152 27 412 539 411 414 672 161 283 677 300 685 176 50 52 183 568 313 58 699 318 196 69 711 459 76 973 715 850 978 724 215 859 988 349 222 351 352 480 618 235 107 750 622 368 111 498 366 885 758 886 246 117 379 126
653
641 663 792 280 28 36 548 425 170 818 54 197 455 587 843 727 224 246 503 761 255
42
641 770 771 516 901 517 394 11 140 907 144 529 786 18 912 785 408 793 284 156 31 287 545 164 689 945 51 181 310 54 312 825 571 828 448 67 196 840 201 841 75 333 206 974 207 978 859 737 611 613 492 109 625 114 243 372 628 887 376 634
738
2 520 523 25 545 37 40 42 562 564 64 75 83 596 600 625 626 632 635 638 127 133 136 649 651 144 153 675 164 188 706 195 718 726 729 733 230 743 235 748 753 760 768 270 800 289 290 806 309 311 829 833 339 852 345 349 865 866 870 871 364 882 379 897 898 389 396 937 426 939 431 954 959 447 962 471 480 993 1000 506
705
643 263 777 137 906 402 147 787 789 667 413 927 678 817 949 313 443 316 958 832 962 325 198 840 205 334 335 465 83 982 598 607 867 485 1000 747 491 878 628 631 376 122
341
868 997 484 872 853 695 440 925 126
911
512 3 518 522 524 12 13 535 24 25 547 37 45 558 560 564 579 67 584 72 86 606 617 107 621 116 632 646 136 659 668 156 159 678 178 189 705 196 710 201 726 728 738 229 238 756 246 249 761 251 255 770 265 268 283 795 297 819 823 325 328 333 340 855 343 856 861 876 370 372 380 898 387 389 902 391 405 423 425 941 440 955 963 451 453 457 971 460 976 471 983 485 488 1000 491 495 511
528
128 643 4 138 11 651 269 17 18 788 405 23 153 537 921 28 285 925 287 665 292 677 295 682 811 427 940 813 814 433 52 55 696 314 570 572 830 453 710 965 456 73 713 329 460 461 973 975 720 721 341 727 599 473 346 987 601 478 351 227 100 233 745 747 496 624 247 249 765 894
409
257 534 794 158 802 553 171 555 44 305 178 434 818 181 950 182 953 699 316 827 962 579 966 454 198 721 600 219 239 240 111 250 636
672
899 132 655 788 281 794 798 161 417 552 297 172 46 562 53 54 55 565 441 826 953 567 189 958 575 959 449 956 961 584 205 720 217 218 91 480 737 484 741 359 1000 489 748 365 750 243 116 125 253 254 895
944
257 643 260 264 265 10 905 653 783 657 402 404 23 282 668 541 284 544 675 676 547 937 427 47 945 947 819 949 822 312 63 580 581 198 71 72 971 589 846 463 720 973 594 339 466 83 983 473 346 475 858 350 611 613 103 872 745 746 744 621 238 239 752 626 627 629 503 889 634 123
755
770 263 391 522 18 148 408 925 417 34 801 929 930 41 299 555 815 944 308 955 960 963 837 968 585 715 591 986 221 354 230 492
701
384 392 395 781 19 403 406 663 413 158 35 421 424 937 47 688 566 823 696 184 568 828 575 579 581 837 72 200 976 597 88 348 223 479 737 357 631 231 235 503 381
404
513 5 9 535 24 547 553 560 565 59 65 583 584 82 595 597 87 608 609 121 127 128 642 131 132 645 657 159 675 676 678 684 174 177 178 185 194 198 717 730 229 230 750 238 769 262 266 273 805 296 299 300 301 812 303 305 317 320 840 845 334 339 870 360 877 366 881 375 891 896 922 925 414 430 944 437 446 959 447 958 962 963 970 972 982 997 492 501 502 503 504 507
223
185 179 193
811
1 514 519 9 524 26 28 42 559 563 566 581 79 594 596 88 607 110 622 123 643 646 144 152 670 161 166 682 184 700 714 202 210 729 738 749 240 256 258 778 782 783 791 293 806 302 816 310 314 830 319 327 843 337 852 341 864 866 870 871 876 889 388 391 393 906 399 401 915 416 929 930 953 449 454 455 469 999 500 506
137
641 131 644 772 902 520 267 139 141 268 527 526 269 26 290 47 307 185 830 838 458 976 980 597 984 733 93 96 483 868 104 232 492 243 376 381 767
190
736 805 648 491 717 462 399 273 83 693 599 249 447
978
384 515 899 133 389 647 264 775 11 140 781 13 912 401 531 662 921 538 415 287 929 165 428 818 695 186 67 68 709 456 712 716 335 207 213 735 480 867 615 1000 489 363 493 622 240 765 766
446
12 13 15 527 30 543 54 59 574 583 587 589 598 601 90 94 111 116 629 118 122 642 645 650 153 154 667 155 161 676 167 680 169 687 689 690 696 186 188 191 713 719 735 751 753 754 247 252 772 264 265 784 274 276 791 307 820 318 833 323 338 855 857 859 867 357 883 379 895 907 911 401 410 420 943 944 432 960 973 464 468 981 983 989 990 994
290
450 866 420 804 422 364 241 31
782
516 398 19 153 542 802 304 944 189 575 320 591 980 344 997 108 626 500 372 761
429
449 65 385 229 582 389 936 377 349 947 729 252 83 54 825 732 445
690
896 514 770 144 529 409 538 155 668 798 293 680 942 560 688 310 700 575 581 71 332 845 972 346 731 477 98 229 615 750 113 247 125
396
641 642 644 389 388 518 522 781 784 150 792 26 797 670 285 416 289 672 36 805 424 296 42 558 431 432 689 178 305 54 823 440 956 831 322 967 714 717 974 589 336 85 89 346 604 349 222 991 96 98 100 230 871 488 617 105 250 743 750 238 752 630 248 762 509
818
257 385 642 770 8 266 139 395 783 528 17 18 19 661 23 920 153 793 155 283 159 32 929 163 932 552 426 685 557 47 688 177 561 560 564 53 946 819 434 66 68 583 456 970 459 971 208 850 594 853 982 726 344 728 603 349 95 227 485 230 359 618 362 620 749 366 237 115 245 630 120 890 508 510
907
236
855
320 481 485 106 365
698
382 891 643 133 901 903 904 647 266 907 394 638 783 660 916 279 151 408 281 675 35 291 38 937 45 431 176 178 819 563 186 443 445 446 321 201 713 74 334 719 593 84 859 736 352 228 996 1000 873 619 240 880 629 126 507 766
224
905 139 656 147 915 917 663 668 32 556 686 47 689 57 954 322 204 336 213 612 745 886 503 383
68
260 646 908 141 526 271 144 17 402 16 658 277 400 528 792 529 278 284 286 33 161 290 292 165 934 679 937 684 686 817 692 437 310 180 955 316 447 140 452 712 841 715 972 207 338 339 468 85 599 89 90 603 223 609 744 106 875 492 876 750 363 242 370 628 885 629 251 380 381
523
512 774 139 267 13 910 144 913 790 919 406 280 538 668 413 286 924 800 925 418 290 415 42 300 813 812 431 48 815 818 562 54 567 441 570 317 320 449 450 452 967 583 460 845 846 980 469 84 599 222 223 95 225 480 612 741 999 365 366 111 750 113 878 627 629 887 634 383
781
256 386 648 521 268 526 401 18 151 664 920 409 285 30 29 160 797 930 168 41 298 172 814 48 944 436 564 951 55 68 453 968 72 842 840 462 720 210 213 853 727 985 859 94 350 991 739 230 745 233 107 748 885 251 508 766
539
512 516 900 646 8 392 395 268 909 397 271 656 21 535 793 410 26 29 673 164 678 39 685 561 307 820 55 187 828 955 829 63 319 193 450 572 581 454 838 457 969 464 80 337 338 208 726 215 600 471 990 863 359 1000 504 618 489 620 364 494 760 754 503 120 377 508 637
739
131 771 4 390 7 649 269 398 783 909 534 535 153 801 34 418 806 550 682 427 689 947 51 439 445 958 829 192 705 703 194 198 968 77 973 462 976 465 82 83 980 852 86 343 88 731 861 992 99 997 102 487 619 491 494 627 631 253 637 638
885
2 131 262 135 903 649 906 11 781 14 143 911 17 783 141 269 533 278 279 24 407 154 794 156 157 536 34 804 549 37 424 40 810 555 173 301 559 306 947 436 949 52 439 696 700 701 956 579 453 325 710 842 972 588 974 209 855 729 859 736 480 739 104 619 748 366 110 750 497 881 886 378 638
441
512 129 257 902 263 520 652 653 784 145 18 921 283 155 30 930 291 675 935 552 679 171 557 46 177 180 948 952 956 701 317 63 188 66 194 456 458 460 719 975 207 594 597 214 727 344 119 476 605 734 992 121 624 497 882 880 247 505 634 381 383
461
520 523 535 40 50 55 63 70 588 596 610 100 105 618 107 118 122 643 134 141 663 665 155 157 673 678 169 174 178 202 204 723 213 726 732 221 222 224 737 745 235 750 240 244 756 249 763 256 258 772 272 786 794 283 797 798 295 297 344 863 864 359 872 875 881 375 888 383 897 386 903 412 432 444 956 960 962 966 967 460 466 986 483 998 491
852
386 901 902 390 264 263 650 11 909 781 527 272 273 912 271 532 277 408 537 796 541 415 931 37 167 424 40 938 174 686 945 177 563 691 181 52 821 562 314 954 444 445 702 446 704 575 706 707 323 455 967 713 586 461 591 469 857 731 860 477 990 607 988 865 741 485 997 744 617 366 762 767
865
99 324 389 807 267 939 371 52 568 157 479
127
1 129 34 964 869 708 590 655 533 696 826 924 152 223
545
386 643 772 134 7 264 654 16 528 658 147 148 154 922 157 541 671 542 33 546 290 933 805 935 938 939 302 46 562 563 820 818 311 567 59 703 704 962 835 196 837 707 712 459 460 461 589 719 979 723 852 214 855 983 218 349 94 607 482 610 102 231 619 363 493 495 627 247 762 124
355
512 9 12 15 529 535 37 39 45 568 571 580 74 87 606 614 632 130 648 138 651 141 654 653 145 660 151 666 186 700 708 198 711 206 207 729 222 229 230 240 755 245 758 760 251 776 266 783 788 800 293 829 831 321 334 849 338 364 381 895 386 404 410 924 416 937 426 942 436 955 445 958 976 464 469 983 472 476 485
426
3 517 522 533 22 535 35 550 45 47 567 588 80 84 90 606 614 103 120 632 634 123 130 648 139 142 144 149 154 666 670 166 680 177 178 188 704 706 709 717 207 732 737 226 228 230 239 765 785 276 277 788 793 287 807 303 307 309 314 828 832 331 336 343 350 872 877 884 894 385 390 906 396 398 399 913 943 433 434 450 971 460 464 473 475 989 491 492 505
444
641 774 646 652 919 792 665 306 186 956 189 458 467 596 728 95 351 738 892 511
146
1 5 533 22 536 27 33 34 547 38 44 45 564 570 573 61 70 590 88 91 606 100 110 622 624 628 629 631 123 637 125 131 646 136 141 655 145 659 662 151 671 164 677 695 701 189 707 220 225 739 239 243 246 255 266 272 787 275 284 798 805 830 833 327 331 336 340 858 351 352 354 360 875 892 384 389 903 394 400 423 430 440 443 956 958 964 455 968 969 970 472 997 495 499
736
129 643 517 390 8 395 657 401 661 540 416 930 550 167 40 423 679 551 556 435 565 950 182 952 576 66 972 204 81 594 980 91 733 94 351 992 735 606 93 225 635 755 373 377 251 380 766
334
651 459 141 948 727 796
660
771 515 134 138 394 658 155 412 803 931 297 688 562 313 63 64 578 328 970 75 204 463 727 345 602 349 734 870 1000 364 241 504 889
919
718 686
777
128 770 642 388 901 646 134 776 774 266 395 267 909 910 264 15 785 148 917 21 151 663 790 287 930 674 932 166 938 170 175 688 49 816 50 692 48 54 951 312 442 58 954 318 319 321 839 73 714 844 332 588 975 470 728 473 348 222 607 864 734 354 735 606 101 479 235 240 373 635
290
352 642 249 712 493 815 399 465 243 22 55 664 729 247 733 350 95
187
256 257 5 903 905 25 30 287 173 178 435 571 701 574 703 577 961 202 716 334 851 859 987 605 732 865 488 622 880 376 635 508 126 767
554
896 257 644 391 521 138 13 654 910 781 19 407 666 27 157 669 159 164 423 41 426 809 940 44 301 559 173 817 690 819 948 821 565 180 563 569 183 185 446 63 709 326 583 967 329 75 590 847 80 977 974 84 982 215 472 857 475 859 349 478 991 503 742 870 621 623 751 499 125 118 629 506 765 890 767
552
130 2 637 902 264 393 520 15 657 401 915 148 533 405 918 538 795 154 547 938 299 683 45 940 815 688 820 952 440 60 189 444 703 705 838 457 969 331 459 77 337 722 597 341 87 342 863 352 95 739 612 613 870 357 746 236 877 366 620 370 372 629 633 122 508 509 127
594
896 640 128 1 260 769 4 521 139 527 528 658 148 277 404 280 793 795 540 283 411 800 547 932 933 166 804 301 816 178 51 692 820 694 55 56 57 182 187 702 833 195 452 841 460 973 718 335 717 212 726 216 477 350 94 991 99 871 872 492 749 508 111 624 369 882 755 628 117 503 380 637
273
258 643 652 653 658 667 288 930 935 42 694 569 957 958 62 712 80 211 350 95 738 368 760 504
92
903 647 277 533 542 800 167 942 819 54 439 694 703 575 833 199 206 719 477 489 625
744
395 140 655 149 671 677 934 809 820 822 571 581 79 208 862 867 498 119 763 252 382 383
824
6 7 14 16 533 534 30 37 551 41 555 53 56 575 577 67 579 72 586 587 593 603 97 617 107 620 621 625 115 122 127 640 132 134 664 674 679 686 694 184 697 699 191 202 203 204 205 726 214 232 236 237 271 785 790 793 284 800 291 814 822 311 826 839 840 859 861 351 865 875 363 880 393 394 399 401 404 922 930 426 433 946 949 951 440 957 446 960 484 485 507
371
936 363 685 623 758 218
107
520 12 524 530 26 539 545 34 554 557 50 568 69 588 77 591 87 601 91 94 608 620 141 143 662 151 154 158 677 678 684 688 180 190 191 708 198 202 205 721 214 218 737 738 225 741 235 237 239 241 252 259 774 781 280 805 298 299 812 813 317 831 836 848 347 350 354 356 871 879 369 882 886 893 896 395 912 916 405 918 423 939 428 435 964 454 970 973 464 980 995 997 492
636
267 150 927 928 813 942 943 312 698 828 957 969 74 588 335 465 594 595 214 219 996 102 871 113 251 383
139
770 260 901 269 786 276 788 22 535 408 792 536 543 289 161 548 37 165 974 298 44 172 942 685 688 48 433 436 52 695 698 187 189 446 831 832 577 193 579 69 965 200 201 843 332 973 589 460 848 976 203 83 334 723 854 846 344 729 476 349 94 990 860 93 736 874 111 124 367 117 118 374 380 893 254
976
1 2 413 543 420 426 427 176 818 435 309 566 55 700 835 327 587 470 983 991 102 618 875 497 892
974
896 897 514 259 771 6 394 142 145 19 788 789 667 673 290 168 169 687 175 304 435 696 313 185 184 316 829 317 448 960 708 710 586 74 588 589 333 980 212 91 477 95 736 865 994 738 868 484 735 103 238 112 880 506
741
385 391 776 910 273 402 147 406 152 417 292 804 934 679 551 41 682 810 170 812 814 817 50 690 946 309 823 824 187 701 958 319 832 68 325 710 581 594 468 980 86 855 213 731 92 861 603 863 736 607 226 988 101 106 362 236 760 754 114 627 118 376 634 251 252 381
628
523 16 544 43 47 56 57 59 63 583 89 90 95 96 105 106 622 114 628 139 654 656 146 658 150 672 164 166 170 683 689 180 183 188 194 195 201 209 220 236 244 249 771 269 280 281 802 816 819 316 836 325 837 839 840 329 331 843 333 335 850 346 866 357 370 891 379 389 908 398 914 405 411 927 929 421 422 935 423 951 448 449 456 481 483 485 1000 494 500 511
624
1 517 530 536 30 544 39 552 554 557 563 54 62 612 102 105 119 641 131 134 141 656 660 665 676 679 682 173 185 195 711 201 215 758 251 772 774 263 776 779 276 794 795 801 810 301 819 308 824 825 323 836 837 337 858 351 353 867 869 874 363 365 368 383 907 397 405 421 422 440 955 445 964 455 972 465 482 484 997 500 501 506
331
134 393 525 270 531 788 21 662 794 795 543 31 32 930 673 676 937 425 47 819 949 694 191 577 453 70 969 715 75 204 590 975 79 338 214 727 216 733 98 867 359 616 871 108 237 750 751 244 885 374 888 123 764
809
975 688 787 215 121 955 190 375
864
2 517 6 904 264 524 652 397 140 400 783 660 154 159 800 673 930 33 40 300 303 687 945 833 196 837 966 586 78 978 728 90 219 91 93 224 995 485 873 362 510
35
898 645 7 527 529 276 405 918 664 669 286 543 34 932 805 676 679 42 301 941 47 563 443 189 447 320 64 831 835 964 63 326 966 840 585 582 970 69 206 847 849 977 856 88 344 475 473 867 492 236 111 112 241 627 245 888 379 892 637 254
547
258 611 387 101 684 780 598 855 444
85
576 289 482 739 136 74 396 431 145 658 51 436 502 155 765
983
902 780 399 656 280 409 158 290 548 166 683 941 692 53 831 579 967 591 467 852 605 736 98 362 495 375 636
586
640 129 898 510 135 393 914 286 287 159 164 296 685 560 432 188 196 75 587 595 734 611 745 108 365 623 626 627 890 250 382
163
386 772 776 400 276 155 29 800 801 164 48 689 959 77 86 604 98 484 105 368 122
492
404 423 937 300 179 182 695 567 700 62 959 707 451 966 198 456 334 846 464 81 853 214 356 241 113 115 502
5
5 910 657 786 670 30 417 34 163 931 422 939 684 818 694 955 573 579 598 860 486 103 233 362 748 750 883 116
957
258 644 261 134 263 521 908 525 913 278 925 542 32 164 933 805 303 310 823 826 836 455 584 589 854 985 989 222 96 993 481 613 876 622 110 500 885 117 122 251 124 638
836
1 526 528 20 21 26 31 33 556 557 561 56 62 578 579 71 72 74 592 81 620 631 636 125 129 642 131 644 134 648 146 149 152 669 671 160 171 172 175 180 692 704 200 204 206 209 729 734 222 225 743 749 245 256 777 780 278 792 799 294 303 822 825 314 827 321 325 334 335 849 854 343 862 895 903 915 404 928 422 428 435 947 969 972 976 984 985 483 506
631
898 143 271 658 151 410 542 544 290 808 173 559 431 947 566 959 64 191 213 343 473 990 991 223 98 226 99 356 232 752 115 116 628 508 765
928
258 642 903 647 652 402 787 915 21 790 919 24 408 149 411 284 157 672 161 932 933 811 557 180 692 309 446 833 323 708 965 714 461 80 722 468 212 604 733 990 476 605 610 107 621 109 628 501 887 632 127
251
905 394 654 918 32 296 168 307 699 961 962 68 585 845 589 720 723 86 854 475 91 605 607 991 993 355 231 105 363 108 492 238 110 496 889 126
109
513 385 510 519 776 905 10 135 396 17 402 19 406 281 927 37 806 165 938 430 302 432 51 820 53 949 183 56 569 186 825 956 444 62 835 195 325 840 201 714 971 458 713 718 335 336 850 467 469 472 602 989 221 863 735 481 738 100 997 998 999 358 491 493 621 112 242 115 631 504 253 894
422
394 906 653 273 407 664 26 411 794 157 287 293 303 816 306 819 824 833 329 76 845 340 597 470 472 473 476 733 349 863 477 353 605 739 740 748 110 495 379 503 505 123 892 510
539
517 775 584 488 906 367 752 406 23 222
871
512 517 522 11 12 525 22 538 34 550 42 51 565 56 57 60 67 69 583 72 587 75 80 597 90 621 119 633 142 655 153 671 674 696 191 706 708 713 212 726 728 217 219 221 225 226 241 756 767 769 267 780 786 789 792 797 806 294 297 810 816 322 849 339 863 870 361 364 366 368 881 380 894 388 392 909 910 407 408 413 414 926 934 935 948 453 457 970 463 469 474 482 486 999 511
590
838
221
1 519 520 529 541 29 550 556 558 563 569 60 65 68 582 72 587 592 612 105 121 124 651 143 657 672 160 171 683 188 200 727 732 233 748 751 758 252 255 259 777 780 783 791 796 288 290 810 300 316 319 844 336 338 339 341 347 362 878 884 902 393 909 912 413 928 416 418 420 421 937 426 953 954 447 966 969 461 979 477 479 480 494 509 510
653
6 648 905 11 666 667 33 680 826 581 966 841 80 340 474 480 481 96 623 245 639
930
897 129 771 130 394 143 660 533 25 667 30 670 544 160 674 547 672 165 550 935 938 300 813 942 558 305 692 569 955 448 64 454 200 335 213 726 725 860 221 993 738 609 611 616 625 507
50
512 385 768 131 2 646 10 526 913 148 20 21 663 666 27 796 669 34 675 548 936 424 554 683 684 429 557 687 169 561 305 436 53 693 568 185 828 445 831 448 706 451 709 197 711 455 204 974 848 852 213 341 725 217 90 859 348 602 478 222 994 101 614 102 618 875 492 110 626 630 250 125
564
896 260 905 145 917 29 30 160 40 690 562 822 62 65 705 708 325 326 324 75 76 80 728 863 864 736 98 742 998 234 618 110 240 758 763
905
18 541 545 553 558 574 65 66 67 73 88 99 100 614 120 632 127 129 131 644 651 140 656 659 150 669 160 694 187 700 190 712 201 719 213 737 758 255 261 778 266 795 797 799 289 290 294 812 305 818 820 821 311 835 330 340 866 363 372 378 390 911 919 933 935 947 954 967 468 473 986 985 476 477 486 501 505
939
768 3 259 132 136 906 268 913 795 796 925 416 546 936 937 684 46 688 304 946 440 828 957 829 62 832 66 834 838 712 716 974 976 209 978 602 607 96 762 356 868 873 489 491 364 624 243 500 885 756 502 632 126 638
554
653 911 527 531 278 280 923 302 942 184 186 448 201 843 724 726 346 91 734 95 97 866 99 498 502 374 764
618
256 130 8 520 395 914 532 151 791 410 667 668 797 798 159 160 674 419 548 298 172 943 436 53 952 187 61 702 833 450 454 455 75 845 594 210 980 596 216 856 863 485 744 874 494 882 116 886 893 126
736
769 259 401 530 406 669 805 937 170 695 570 314 195 451 71 459 973 210 859 872 880 242
518
256 643 388 261 773 12 909 913 18 145 663 409 412 284 158 671 292 552 553 429 558 302 688 942 689 819 179 53 947 696 955 445 61 580 581 455 456 331 973 208 81 976 723 468 469 726 980 220 93 997 743 360 490 108 236 623 367 498 757
453
384 34 164 965 196 740 328 777 332 465 145 499 24 314
368
897 130 899 260 515 904 905 139 511 13 910 15 529 917 149 918 664 153 923 540 157 799 288 161 33 806 294 680 554 938 810 939 428 432 434 440 318 192 195 964 451 455 327 967 712 77 336 80 978 595 467 210 848 87 84 345 988 93 605 478 994 739 100 229 748 620 885 758 374 629 889 763 124 127
888
898 642 776 521 9 781 782 657 658 659 148 145 407 799 291 676 931 166 429 430 945 818 563 959 960 705 66 68 69 201 204 590 79 81 721 466 340 216 986 247 352 994 227 354 616 105 745 619 108 877 118 375 121 378
297
512 6 522 24 537 538 25 546 38 569 79 594 99 100 614 620 114 122 126 130 649 654 669 671 676 171 689 699 700 188 192 710 711 712 713 719 216 223 229 762 266 267 781 785 279 792 798 801 301 829 832 833 330 347 859 353 360 366 898 899 411 931 425 426 428 945 948 951 967 975 464 470 982 986 991 484 997
116
258 518 646 393 265 780 527 656 785 914 789 665 537 29 547 931 675 296 685 174 302 433 306 438 569 57 955 444 445 62 832 964 327 456 332 975 722 84 981 859 988 735 99 228 998 104 362 237 750 239 110 113 241 498 244 884 762 891 894
655
897 257 899 645 523 269 531 149 535 410 669 32 673 160 292 293 550 298 173 175 947 821 696 185 960 581 454 967 327 73 713 843 203 463 596 217 91 485 104 881 115 637 254
341
768 143 273 408 411 934 556 561 828 838 456 332 978 342 601 989 96 868 612 489 364 109 878 108 881 885 375 632 253 895
333
4 528 535 29 541 551 561 563 56 58 575 576 65 584 592 83 601 92 606 611 114 120 638 641 130 133 645 650 652 664 155 671 160 679 687 177 692 698 196 716 219 732 741 746 241 254 767 782 271 786 793 298 811 813 815 311 829 319 323 839 332 336 337 854 858 352 868 360 877 880 370 894 901 907 917 923 413 421 933 935 426 938 942 953 474 476 992 486
58
801 898 769 614 621 755 981 86 62
471
773 390 518 778 913 403 788 917 278 279 23 281 540 542 671 929 802 38 167 678 684 557 430 943 690 691 439 824 697 58 314 311 81 980 729 862 994 615 631 494 369 117 375 764
692
33 344 710 683 235 653 693 406 119 248 441 988 286 127
355
518 9 11 537 26 546 57 58 61 64 577 70 75 83 598 600 93 98 109 627 635 643 645 134 647 650 653 658 149 157 672 162 177 179 181 185 187 191 200 205 723 728 230 235 754 755 771 261 779 782 789 792 282 285 798 292 812 818 819 315 320 839 328 871 373 387 399 920 415 934 937 432 949 955 444 967 972 460 974 476 989 996 997 503 505
41
4 518 12 28 544 546 36 551 552 557 52 53 57 58 63 577 66 73 597 604 100 619 111 627 127 132 650 140 656 666 667 672 169 684 696 195 202 714 726 729 755 251 252 258 264 270 274 793 796 797 800 808 810 811 322 327 332 338 851 855 856 870 872 877 897 386 408 927 420 421 428 943 946 947 955 443 447 455 969 971 980 983 486 500 507 509
842
128 513 898 643 646 902 392 649 7 134 775 525 13 15 527 648 397 915 791 408 924 800 417 545 35 419 37 421 38 550 805 294 299 165 168 46 679 807 695 183 291 698 955 58 193 578 579 965 837 326 328 971 203 209 853 472 985 986 858 602 733 478 481 866 612 742 871 620 369 500 886 887 760 379 124
444
907 15 275 660 790 921 420 553 828 318 959 705 323 581 841 74 971 461 848 592 338 346 91 990 99 106 242 246 503
716
527 528 22 546 35 39 551 66 100 615 112 120 130 141 142 144 148 664 670 671 161 162 165 168 684 690 185 187 192 195 722 215 217 221 224 230 248 763 766 767 257 264 780 781 275 794 284 801 292 293 819 821 311 312 316 318 328 345 875 883 372 376 888 383 895 389 391 909 408 938 434 435 948 448 458 972 466 985 987 484 494 500 506 509
579
641 518 905 913 914 402 26 541 546 806 819 699 319 194 460 988 484 612 623 369 498 497 244 371 759
376
517 653 528 787 794 683 556 177 947 180 825 444 713 332 987 349 863 110 240 624 628 764
464
519 542 32 547 550 552 57 570 70 587 79 592 95 100 613 614 103 622 633 646 663 158 162 678 180 181 693 697 698 191 197 710 717 723 211 725 736 225 746 755 757 252 767 772 271 275 789 283 297 812 824 314 829 318 835 328 337 340 343 862 355 868 374 386 902 391 903 906 907 910 924 424 936 943 965 460 993 486 489 507 508
971
772 774 135 521 530 533 920 30 673 168 558 817 433 196 75 722 339 729 602 478 995 237 754 500 505 381
718
32 289 359 873 842 235 462 726 918 217 634 955 509
762
3 905 523 142 152 800 546 294 710 209 339 595 342 730 608 226 367 624 753 111 243 500 507 636
658
899 263 395 910 399 15 657 18 145 782 405 535 668 676 808 40 553 429 559 434 53 181 440 825 443 451 581 70 198 328 326 587 971 717 846 331 338 980 853 212 600 476 989 990 992 736 226 608 996 740 230 999 104 232 359 107 235 998 496 762 892 126 511
828
770 265 657 534 23 414 290 421 166 935 174 52 309 827 700 318 575 576 65 446 325 198 71 711 710 594 854 599 982 858 347 990 738 123 877 110 371 759 891
221
5 15 531 541 555 43 45 560 564 62 595 602 91 93 625 115 117 118 123 126 645 136 654 656 146 659 150 152 671 168 169 682 179 183 702 194 717 727 221 225 738 228 741 234 241 248 766 259 265 780 269 785 790 791 792 795 291 300 826 315 835 839 329 330 337 340 853 854 349 863 864 364 380 894 903 905 398 408 932 427 945 949 965 455 460 973 986 477 990 479 490 498 503 504 511
621
131 259 133 137 905 907 14 270 914 660 917 791 668 160 801 546 804 37 40 553 170 169 175 819 308 693 823 57 954 443 572 193 710 455 966 457 586 330 198 78 847 81 210 725 854 598 728 216 602 858 861 94 226 741 230 743 615 359 363 754 372 629 758 116 248 635 638
506
509 772 389 139 281 677 167 173 814 561 438 312 825 61 319 961 583 589 866 103 744 746 115 886 119 123 381 383
388
512 769 770 259 130 902 6 392 267 779 525 655 786 659 661 406 790 668 925 158 417 295 296 297 941 559 692 436 950 55 952 569 568 443 573 701 317 963 580 197 583 584 585 588 335 80 82 594 84 727 859 349 864 867 484 996 741 234 876 622 240 372 117 631 121 506 379 509 127
205
388 874 367 176 276
623
633 471
695
517 523 18 24 26 541 34 45 48 572 71 583 89 608 610 620 624 625 112 128 642 644 645 659 663 153 155 159 687 690 186 701 195 200 215 728 729 736 231 239 758 764 767 256 772 271 280 796 284 799 807 813 836 326 839 331 844 853 347 861 349 865 359 873 363 880 376 889 380 388 900 401 404 928 420 424 425 431 943 951 443 454 465 979 475 480 486 492
926
1 257 392 136 270 655 14 403 788 661 538 796 29 549 40 172 430 432 561 181 183 573 190 834 452 332 848 600 745 878
774
133 134 773 391 647 906 139 273 146 147 401 919 535 793 26 545 801 164 421 422 295 40 429 302 559 820 958 831 319 705 195 452 708 838 454 837 841 200 325 835 462 209 852 724 472 604 477 860 607 480 996 997 486 504 876 749 239 886 631 888 122 637 890
288
2 14 530 534 537 39 562 67 70 71 584 75 79 593 594 85 90 604 92 625 117 636 132 142 143 658 161 162 163 675 183 704 706 203 720 208 220 734 736 739 238 752 241 764 256 263 270 798 297 815 816 820 833 323 842 334 335 336 849 852 341 351 364 882 379 892 896 901 904 395 396 914 406 928 952 452 964 455 483 494 497 500 504
772
128 385 262 906 779 272 16 791 25 282 409 797 802 932 292 167 936 296 940 300 812 181 441 570 830 448 836 838 74 75 206 718 720 721 466 852 729 730 986 224 97 739 100 484 877 372 507 125
366
528 16 529 21 533 545 551 41 42 556 570 58 571 584 586 590 95 108 124 637 126 128 644 646 659 666 155 667 157 674 183 201 202 713 209 219 733 736 744 746 753 261 773 269 787 789 792 281 801 803 812 306 818 312 326 841 341 857 350 864 353 354 363 876 368 372 895 398 432 953 962 452 968 458 470 482 998 1000 495
557
513 4 521 11 14 533 22 540 29 541 28 554 48 564 584 72 589 100 103 106 623 131 143 145 153 669 163 677 679 682 683 693 701 706 199 201 717 719 207 726 215 746 762 250 260 263 776 784 277 791 793 287 288 806 807 814 820 839 341 854 349 863 864 866 367 887 895 906 394 400 403 408 926 414 933 940 432 437 951 971 461 476 480 481 994 486 487 490 497 504 509
390
512 514 4 7 524 543 544 38 64 591 602 91 95 607 99 107 109 623 629 119 636 133 666 158 160 674 676 164 165 695 187 702 715 207 719 726 217 730 221 734 234 235 747 752 756 252 257 284 300 814 815 318 320 338 851 860 349 862 354 355 358 873 370 888 890 414 422 947 441 954 968 459 976 478 479 492 502 506
329
14 656 21 917 283 924 541 547 679 939 432 564 695 569 577 66 449 73 460 847 723 853 342 90 94 480 742 109 114 116 126 895
425
514 642 7 782 400 915 531 800 814 945 575 852 983 472 347 992 105 498 882
111
3 262 647 264 137 140 401 793 284 797 162 291 163 936 425 682 937 43 946 308 52 950 186 829 703 64 704 194 320 834 712 717 334 79 80 82 597 602 219 90 861 606 610 364 240 112 884 374 502 377 123 892 763
432
514 519 520 525 29 554 45 558 572 573 76 600 110 114 627 626 117 629 123 126 654 149 156 164 684 187 701 196 709 734 223 736 737 745 236 243 762 262 275 787 280 283 289 814 818 307 824 313 318 339 342 345 352 867 362 883 893 899 392 393 905 404 917 918 924 930 422 426 438 441 957 959 447 478 484 486 998
923
929 930 772 132 875 171 173 236 140 241 821 855 317 158 351
553
128 3 524 271 527 793 790 24 920 410 667 668 285 795 671 288 927 930 798 164 542 38 168 938 555 554 941 682 431 309 438 823 437 185 699 956 60 63 322 195 708 580 582 69 327 201 72 842 590 849 337 854 216 856 728 987 350 94 224 865 996 869 874 491 748 107 750 111 237 881 369 245 629 507 766
708
129 901 905 400 17 150 279 534 546 933 807 295 944 817 820 953 192 960 322 67 835 707 961 851 980 341 853 89 346 91 859 221 730 607 991 995 996 484 876 505 112 626 756 125 244 120 633 893
306
770 387 643 5 653 793 161 930 686 944 306 178 309 950 951 827 577 966 597 598 120 480 353 865 739 612 873 109 878 504
88
386 6 520 779 654 655 660 533 917 796 541 414 671 160 416 288 674 925 926 550 39 34 44 46 565 949 311 566 189 450 835 964 325 581 198 459 76 337 722 979 852 211 726 87 602 989 94 93 96 608 864 355 228 357 230 999 743 105 747 109 624 754 499 243 882 503 376 251 893
209
640 4 393 10 780 269 274 531 275 663 792 794 795 927 545 290 674 164 930 40 169 682 811 554 686 303 816 561 690 54 567 315 59 831 707 325 966 710 456 328 202 73 75 77 206 466 725 344 602 219 861 990 93 606 478 477 997 615 617 627 757 247 633
579
417 643 132 548 902 198 842 171 563 308 372 502 983 918 668 862
491
770 644 133 132 648 136 906 266 527 277 279 923 156 157 413 673 294 297 683 939 302 946 821 438 311 315 829 831 319 65 835 708 838 967 455 329 719 208 975 850 601 729 474 985 348 606 607 739 355 995 486 233 361 749 109 624 115 244 630 252
928
384 646 391 9 138 275 408 152 155 539 286 291 935 426 171 56 440 319 68 837 199 842 715 79 465 735 614 631 376 889
783
512 6 7 8 526 23 31 34 552 45 47 49 574 69 590 85 103 113 626 126 128 140 143 154 159 672 675 676 681 684 685 177 700 200 204 719 211 730 733 737 227 238 753 256 769 263 271 791 280 282 287 293 805 298 308 827 317 829 340 351 354 873 371 372 885 374 890 378 896 900 913 402 919 414 416 426 939 942 944 960 451 964 965 456 975 987 475 476 479 494 501 502 508
699
384 520 911 915 279 921 798 288 931 422 170 811 685 306 435 441 321 578 451 964 458 843 459 338 850 468 726 476 861 480 98 998 999 234 875 876 748 622 378 242 631 250 509
493
898 643 515 272 152 665 282 39 558 48 181 54 445 961 323 836 582 710 72 841 714 77 597 601 859 95 352 225 736 98 621 752 497 881 123 382
366
385 388 903 135 136 11 913 786 276 280 24 28 670 929 163 293 806 423 684 46 433 434 179 694 953 697 571 832 707 453 585 842 202 975 722 85 470 213 728 985 91 990 866 230 495 368 113 886 762
786
384 387 388 900 133 643 392 892 780 269 142 146 19 274 662 534 796 924 799 545 548 294 551 297 170 426 302 48 819 563 435 954 702 195 452 197 966 326 968 70 457 75 844 845 334 592 848 594 851 85 214 470 728 476 990 248 97 995 100 356 230 743 870 363 632 378 496 752 882 381 884 247 888 890 764 125
990
5 7 524 14 15 533 535 26 29 545 34 35 549 46 567 573 61 96 99 613 102 115 121 133 134 654 658 659 683 176 690 188 196 709 200 202 211 235 756 245 767 266 779 780 286 802 293 294 807 809 301 306 823 316 833 841 854 865 893 386 389 907 405 410 411 412 415 424 941 439 964 994 485 486 499 506 510
865
12 525 37 41 57 569 570 69 72 84 92 102 106 621 110 116 125 638 641 134 647 135 138 657 163 681 172 177 178 694 699 713 715 219 745 761 251 768 267 781 275 282 795 800 295 808 296 300 813 315 318 330 331 845 359 363 378 903 391 908 911 916 412 931 938 941 434 441 954 444 960 453 966 967 473 500 504
70
538 299 582
790
257 646 649 142 532 533 415 544 547 169 689 51 564 310 440 586 332 205 977 89 985 359 490 375 120
908
641 131 4 645 141 19 21 153 281 665 28 542 801 166 301 174 432 48 181 309 310 183 185 186 450 845 975 597 342 344 472 346 477 607 479 225 357 618 491 365 493 879 371 756 374 887 766 895
543
128 640 389 647 908 149 533 790 405 414 815 560 179 949 826 59 60 578 450 836 584 586 330 853 598 475 607 864 737 870 614 358 751 884 635
885
897 259 388 521 265 907 12 400 401 275 541 926 934 679 424 168 171 428 560 435 574 196 586 460 589 978 731 222 734 736 866 226 486 873 119 766 255
756
133 637 524 910 272 26 666 411 157 797 30 289 678 934 554 433 562 689 821 823 313 571 833 962 327 712 77 845 718 852 220 480 481 97 229 357 741 751 496 497 885 893 766
776
738 523 908 395 497 498 152 90 734 543
909
257 643 134 9 17 21 412 543 547 300 572 833 709 595 856 606 995 870 873 878 622 368 371 120 249 380 765
889
260 264 9 523 525 781 793 411 798 929 418 292 933 37 810 939 304 688 50 436 825 315 187 830 63 968 77 976 977 82 852 982 727 733 359 1000 876 620 878 628 885 250 894
909
897 323
372
746 51 934 639
960
641 385 900 11 911 22 292 37 550 556 942 817 562 690 952 58 446 66 707 963 324 708 197 968 841 835 204 337 474 221 735 863 615 1000 360 362 237 879 368 496 375 378 381
497
258 2 134 779 784 530 146 404 407 418 548 422 44 51 180 53 570 191 964 69 457 845 718 335 466 212 90 731 220 480 737 226 883 886 634 894 511
168
259 9 765 140 782 535 161 162 293 422 550 811 300 433 946 564 569 60 318 831 194 200 74 586 973 720 725 983 343 215 860 352 612 740 105 619 624 241 496 240 502 381
296
515 519 14 529 20 539 542 546 35 42 52 55 56 569 571 572 66 585 594 86 90 93 102 103 623 626 630 119 120 633 637 134 138 142 654 655 154 155 673 691 187 700 191 205 238 241 763 254 261 269 797 801 297 306 307 820 823 834 835 836 335 848 859 872 874 366 383 384 387 906 394 910 914 404 920 410 931 421 431 454 456 458 975 984 482 998 490 491 494 507
961
800 545 33 801 89 194 964 59 651 142 703 18 405 825 824 441 443 319
527
4 532 536 544 556 565 54 566 575 577 72 73 74 588 589 590 600 96 610 611 109 624 113 120 127 141 145 660 661 154 157 679 680 170 178 693 187 703 714 203 204 217 729 732 738 229 231 743 237 243 762 763 766 771 772 276 789 278 793 794 798 300 813 828 341 855 353 365 886 890 898 388 389 905 912 404 919 418 931 934 940 441 444 963 968 461 975 464 981 989 480 485 511
575
258 770 259 773 143 407 281 545 291 37 185 60 829 581 336 339 83 598 472 232 238 622 628 117 501 505 890
718
139 654 24 154 928 33 161 163 675 41 43 44 574 63 321 450 453 837 205 79 80 210 466 865 998 231 106 492 116 757 628
465
4 510 393 654 766 788 151 924 671 933 821 568 77 207 210 83 853 377 490 877 112 117 246 761 382
36
256 898 392 778 397 526 785 532 788 534 665 923 798 929 811 948 701 702 320 66 707 836 323 969 846 463 80 978 597 729 866 615 232 363 492 875 622 367 241 761 124 893 127
181
257 387 132 137 524 653 14 143 146 531 659 663 669 541 32 802 35 164 552 686 943 305 563 564 186 957 190 959 970 973 848 82 213 599 727 857 859 988 477 224 353 356 100 357 228 490 491 878 880 112 881 117 118 757 634 764 894
294
769 259 516 524 780 792 282 156 926 286 158 290 809 554 43 45 174 560 563 564 565 310 950 56 826 957 830 575 321 962 69 326 201 203 973 462 589 466 981 344 857 603 604 732 607 735 354 229 486 496 624 755 628 499 119 761 506 251 508 894 383
378
2 642 258 901 259 777 142 271 273 786 659 660 534 23 154 925 926 162 420 293 936 681 556 822 825 441 187 315 443 320 195 707 197 67 583 327 74 334 974 977 85 981 599 728 857 987 478 223 864 482 612 230 617 491 876 751 240 371 245 503 894
948
258 133 266 267 783 789 790 281 414 670 415 673 549 678 170 428 174 302 944 689 565 694 311 827 572 955 190 580 708 198 842 587 717 334 975 592 337 339 724 85 726 851 91 732 860 479 608 996 613 249 999 488 360 359 869 364 497 369 499 115 629 758 247 886 633 628 891
764
6 18 535 24 539 32 45 561 54 567 59 572 574 65 587 592 86 603 608 609 109 621 627 117 629 637 127 649 150 681 685 691 692 702 710 721 730 220 733 226 739 233 749 755 770 771 779 270 788 279 793 806 814 316 829 327 328 329 335 847 343 858 868 356 359 360 871 880 889 892 893 392 399 924 413 933 426 427 428 941 431 948 437 950 954 449 454 456 462 979 490 493
28
260 516 266 909 271 272 529 412 159 672 674 35 418 165 938 173 815 51 52 444 60 961 460 85 471 856 475 228 742 230 497 882
529
393 657 533 789 32 551 808 41 297 172 442 445 194 839 206 465 343 993 229 747 236 495 117 121
555
